[32 20] [9 8] [ 2 -1]
[31 23] [9 8] [1 2]
[31 22] [9 8] [1 1]
[31 21] [9 8] [1 0]
[31 20] [9 7] [-2  5]
[30 24] [9 8] [0 3]
[30 23] [9 8] [0 2]
[30 22] [9 8] [0 1]
[30 21] [9 8] [0 0]
[30 20] [8 7] [3 2]
[31 22] [9 8] [1 1]
[31 21] [9 8] [1 0]
[31 20] [9 7] [-2  5]
[31 19] [9 7] [-2  4]
[30 23] [9 8] [0 2]
[30 22] [9 8] [0 1]
[30 21] [9 8] [0 0]
[30 20] [8 7] [3 2]
[30 19] [8 7] [3 1]
[30 24] [9 8] [0 3]
[30 23] [9 8] [0 2]
[30 22] [9 8] [0 1]
[29 26] [9 9] [ 2 -1]
[29 25] [9 8] [-1  4]
[29 24] [9 8] [-1  3]
[29 23] [9 8] [-1  2]
[29 22] [8 8] [ 5 -2]
[30 22] [9 8] [0 1]
[30 21] [9 8] [0 0]
[29 25] [9 8] [-1  4]
[29 24] [9 8] [-1  3]
[29 23] [9 8] [-1  2]
[29 22] [8 8] [ 5 -2]
[29 21] [8 7] [2 3]
[30 20] [8 7] [3 2]
[29 24] [9 8] [-1  3]
[29 23] [9 8] [-1  2]
[29 22] [8 8] [ 5 -2]
[29 21] [8 7] [2 3]
[29 20] [8 7] [2 2]
[29 23] [9 8] [-1  2]
[29 22] [8 8] [ 5 -2]
[29 21] [8 7] [2 3]
[29 20] [8 7] [2 2]
[29 19] [8 7] [2 1]
[28 26] [9 8] [-2  5]
[28 25] [9 8] [-2  4]
[28 24] [8 8] [4 0]
[28 23] [8 8] [ 4 -1]
[28 24] [8 8] [4 0]
[28 23] [8 8] [ 4 -1]
[28 22] [8 8] [ 4 -2]
[28 22] [8 8] [ 4 -2]
[28 21] [8 7] [1 3]
[28 20] [8 7] [1 2]
[31 21] [9 8] [1 0]
[31 20] [9 7] [-2  5]
[31 19] [9 7] [-2  4]
[31 18] [8 7] [4 0]
[30 22] [9 8] [0 1]
[30 21] [9 8] [0 0]
[30 20] [8 7] [3 2]
[30 19] [8 7] [3 1]
[30 18] [8 7] [3 0]
[30 23] [9 8] [0 2]
[30 22] [9 8] [0 1]
[30 21] [9 8] [0 0]
[29 25] [9 8] [-1  4]
[29 24] [9 8] [-1  3]
[29 23] [9 8] [-1  2]
[29 22] [8 8] [ 5 -2]
[29 21] [8 7] [2 3]
[30 21] [9 8] [0 0]
[30 20] [8 7] [3 2]
[29 24] [9 8] [-1  3]
[29 23] [9 8] [-1  2]
[29 22] [8 8] [ 5 -2]
[29 21] [8 7] [2 3]
[29 20] [8 7] [2 2]
[30 19] [8 7] [3 1]
[29 23] [9 8] [-1  2]
[29 22] [8 8] [ 5 -2]
[29 21] [8 7] [2 3]
[29 20] [8 7] [2 2]
[29 19] [8 7] [2 1]
[29 22] [8 8] [ 5 -2]
[29 21] [8 7] [2 3]
[29 20] [8 7] [2 2]
[29 19] [8 7] [2 1]
[29 18] [8 7] [2 0]
[28 25] [9 8] [-2  4]
[28 24] [8 8] [4 0]
[28 23] [8 8] [ 4 -1]
[28 22] [8 8] [ 4 -2]
[28 23] [8 8] [ 4 -1]
[28 22] [8 8] [ 4 -2]
[28 21] [8 7] [1 3]
[28 21] [8 7] [1 3]
[28 20] [8 7] [1 2]
[28 19] [8 7] [1 1]
[30 22] [9 8] [0 1]
[30 21] [9 8] [0 0]
[30 20] [8 7] [3 2]
[29 24] [9 8] [-1  3]
[29 23] [9 8] [-1  2]
[29 22] [8 8] [ 5 -2]
[29 21] [8 7] [2 3]
[29 20] [8 7] [2 2]
[30 20] [8 7] [3 2]
[30 19] [8 7] [3 1]
[29 23] [9 8] [-1  2]
[29 22] [8 8] [ 5 -2]
[29 21] [8 7] [2 3]
[29 20] [8 7] [2 2]
[29 19] [8 7] [2 1]
[30 18] [8 7] [3 0]
[29 22] [8 8] [ 5 -2]
[29 21] [8 7] [2 3]
[29 20] [8 7] [2 2]
[29 19] [8 7] [2 1]
[29 18] [8 7] [2 0]
[29 21] [8 7] [2 3]
[29 20] [8 7] [2 2]
[29 19] [8 7] [2 1]
[29 18] [8 7] [2 0]
[29 17] [8 7] [ 2 -1]
[28 24] [8 8] [4 0]
[28 23] [8 8] [ 4 -1]
[28 22] [8 8] [ 4 -2]
[28 21] [8 7] [1 3]
[28 22] [8 8] [ 4 -2]
[28 21] [8 7] [1 3]
[28 20] [8 7] [1 2]
[28 20] [8 7] [1 2]
[28 19] [8 7] [1 1]
[28 18] [8 7] [1 0]
[29 23] [9 8] [-1  2]
[29 22] [8 8] [ 5 -2]
[28 26] [9 8] [-2  5]
[28 25] [9 8] [-2  4]
[28 24] [8 8] [4 0]
[28 23] [8 8] [ 4 -1]
[28 22] [8 8] [ 4 -2]
[29 21] [8 7] [2 3]
[28 25] [9 8] [-2  4]
[28 24] [8 8] [4 0]
[28 23] [8 8] [ 4 -1]
[28 22] [8 8] [ 4 -2]
[28 21] [8 7] [1 3]
[28 24] [8 8] [4 0]
[28 23] [8 8] [ 4 -1]
[28 22] [8 8] [ 4 -2]
[28 21] [8 7] [1 3]
[28 20] [8 7] [1 2]
[27 27] [9 9] [0 0]
[27 26] [8 8] [3 2]
[27 25] [8 8] [3 1]
[27 24] [8 8] [3 0]
[27 25] [8 8] [3 1]
[27 24] [8 8] [3 0]
[27 23] [8 8] [ 3 -1]
[27 23] [8 8] [ 3 -1]
[27 22] [8 7] [0 4]
[27 21] [8 7] [0 3]
[29 20] [8 7] [2 2]
[28 24] [8 8] [4 0]
[28 23] [8 8] [ 4 -1]
[28 22] [8 8] [ 4 -2]
[28 21] [8 7] [1 3]
[28 20] [8 7] [1 2]
[28 23] [8 8] [ 4 -1]
[28 22] [8 8] [ 4 -2]
[28 21] [8 7] [1 3]
[28 20] [8 7] [1 2]
[28 19] [8 7] [1 1]
[27 26] [8 8] [3 2]
[27 25] [8 8] [3 1]
[27 24] [8 8] [3 0]
[27 23] [8 8] [ 3 -1]
[27 24] [8 8] [3 0]
[27 23] [8 8] [ 3 -1]
[27 22] [8 7] [0 4]
[27 22] [8 7] [0 4]
[27 21] [8 7] [0 3]
[27 20] [8 7] [0 2]
[28 22] [8 8] [ 4 -2]
[28 21] [8 7] [1 3]
[28 20] [8 7] [1 2]
[28 19] [8 7] [1 1]
[28 18] [8 7] [1 0]
[27 25] [8 8] [3 1]
[27 24] [8 8] [3 0]
[27 23] [8 8] [ 3 -1]
[27 22] [8 7] [0 4]
[27 23] [8 8] [ 3 -1]
[27 22] [8 7] [0 4]
[27 21] [8 7] [0 3]
[27 21] [8 7] [0 3]
[27 20] [8 7] [0 2]
[27 19] [8 7] [0 1]
[27 24] [8 8] [3 0]
[27 23] [8 8] [ 3 -1]
[27 22] [8 7] [0 4]
[27 21] [8 7] [0 3]
[27 22] [8 7] [0 4]
[27 21] [8 7] [0 3]
[27 20] [8 7] [0 2]
[27 20] [8 7] [0 2]
[27 19] [8 7] [0 1]
[27 18] [8 7] [0 0]
[26 26] [8 8] [2 2]
[26 25] [8 8] [2 1]
[26 24] [8 8] [2 0]
[26 24] [8 8] [2 0]
[26 23] [8 8] [ 2 -1]
[26 22] [8 7] [-1  4]
[26 23] [8 8] [ 2 -1]
[26 22] [8 7] [-1  4]
[26 21] [8 7] [-1  3]
[26 20] [8 7] [-1  2]
[31 20] [9 7] [-2  5]
[31 19] [9 7] [-2  4]
[31 18] [8 7] [4 0]
[31 17] [8 7] [ 4 -1]
[30 21] [9 8] [0 0]
[30 20] [8 7] [3 2]
[30 19] [8 7] [3 1]
[30 18] [8 7] [3 0]
[30 17] [8 7] [ 3 -1]
[30 22] [9 8] [0 1]
[30 21] [9 8] [0 0]
[30 20] [8 7] [3 2]
[29 24] [9 8] [-1  3]
[29 23] [9 8] [-1  2]
[29 22] [8 8] [ 5 -2]
[29 21] [8 7] [2 3]
[29 20] [8 7] [2 2]
[30 20] [8 7] [3 2]
[30 19] [8 7] [3 1]
[29 23] [9 8] [-1  2]
[29 22] [8 8] [ 5 -2]
[29 21] [8 7] [2 3]
[29 20] [8 7] [2 2]
[29 19] [8 7] [2 1]
[30 18] [8 7] [3 0]
[29 22] [8 8] [ 5 -2]
[29 21] [8 7] [2 3]
[29 20] [8 7] [2 2]
[29 19] [8 7] [2 1]
[29 18] [8 7] [2 0]
[29 21] [8 7] [2 3]
[29 20] [8 7] [2 2]
[29 19] [8 7] [2 1]
[29 18] [8 7] [2 0]
[29 17] [8 7] [ 2 -1]
[28 24] [8 8] [4 0]
[28 23] [8 8] [ 4 -1]
[28 22] [8 8] [ 4 -2]
[28 21] [8 7] [1 3]
[28 22] [8 8] [ 4 -2]
[28 21] [8 7] [1 3]
[28 20] [8 7] [1 2]
[28 20] [8 7] [1 2]
[28 19] [8 7] [1 1]
[28 18] [8 7] [1 0]
[30 21] [9 8] [0 0]
[30 20] [8 7] [3 2]
[30 19] [8 7] [3 1]
[29 23] [9 8] [-1  2]
[29 22] [8 8] [ 5 -2]
[29 21] [8 7] [2 3]
[29 20] [8 7] [2 2]
[29 19] [8 7] [2 1]
[30 19] [8 7] [3 1]
[30 18] [8 7] [3 0]
[29 22] [8 8] [ 5 -2]
[29 21] [8 7] [2 3]
[29 20] [8 7] [2 2]
[29 19] [8 7] [2 1]
[29 18] [8 7] [2 0]
[30 17] [8 7] [ 3 -1]
[29 21] [8 7] [2 3]
[29 20] [8 7] [2 2]
[29 19] [8 7] [2 1]
[29 18] [8 7] [2 0]
[29 17] [8 7] [ 2 -1]
[29 20] [8 7] [2 2]
[29 19] [8 7] [2 1]
[29 18] [8 7] [2 0]
[29 17] [8 7] [ 2 -1]
[29 16] [8 6] [-1  4]
[28 23] [8 8] [ 4 -1]
[28 22] [8 8] [ 4 -2]
[28 21] [8 7] [1 3]
[28 20] [8 7] [1 2]
[28 21] [8 7] [1 3]
[28 20] [8 7] [1 2]
[28 19] [8 7] [1 1]
[28 19] [8 7] [1 1]
[28 18] [8 7] [1 0]
[28 17] [8 6] [-2  5]
[29 22] [8 8] [ 5 -2]
[29 21] [8 7] [2 3]
[28 25] [9 8] [-2  4]
[28 24] [8 8] [4 0]
[28 23] [8 8] [ 4 -1]
[28 22] [8 8] [ 4 -2]
[28 21] [8 7] [1 3]
[29 20] [8 7] [2 2]
[28 24] [8 8] [4 0]
[28 23] [8 8] [ 4 -1]
[28 22] [8 8] [ 4 -2]
[28 21] [8 7] [1 3]
[28 20] [8 7] [1 2]
[28 23] [8 8] [ 4 -1]
[28 22] [8 8] [ 4 -2]
[28 21] [8 7] [1 3]
[28 20] [8 7] [1 2]
[28 19] [8 7] [1 1]
[27 26] [8 8] [3 2]
[27 25] [8 8] [3 1]
[27 24] [8 8] [3 0]
[27 23] [8 8] [ 3 -1]
[27 24] [8 8] [3 0]
[27 23] [8 8] [ 3 -1]
[27 22] [8 7] [0 4]
[27 22] [8 7] [0 4]
[27 21] [8 7] [0 3]
[27 20] [8 7] [0 2]
[29 19] [8 7] [2 1]
[28 23] [8 8] [ 4 -1]
[28 22] [8 8] [ 4 -2]
[28 21] [8 7] [1 3]
[28 20] [8 7] [1 2]
[28 19] [8 7] [1 1]
[28 22] [8 8] [ 4 -2]
[28 21] [8 7] [1 3]
[28 20] [8 7] [1 2]
[28 19] [8 7] [1 1]
[28 18] [8 7] [1 0]
[27 25] [8 8] [3 1]
[27 24] [8 8] [3 0]
[27 23] [8 8] [ 3 -1]
[27 22] [8 7] [0 4]
[27 23] [8 8] [ 3 -1]
[27 22] [8 7] [0 4]
[27 21] [8 7] [0 3]
[27 21] [8 7] [0 3]
[27 20] [8 7] [0 2]
[27 19] [8 7] [0 1]
[28 21] [8 7] [1 3]
[28 20] [8 7] [1 2]
[28 19] [8 7] [1 1]
[28 18] [8 7] [1 0]
[28 17] [8 6] [-2  5]
[27 24] [8 8] [3 0]
[27 23] [8 8] [ 3 -1]
[27 22] [8 7] [0 4]
[27 21] [8 7] [0 3]
[27 22] [8 7] [0 4]
[27 21] [8 7] [0 3]
[27 20] [8 7] [0 2]
[27 20] [8 7] [0 2]
[27 19] [8 7] [0 1]
[27 18] [8 7] [0 0]
[27 23] [8 8] [ 3 -1]
[27 22] [8 7] [0 4]
[27 21] [8 7] [0 3]
[27 20] [8 7] [0 2]
[27 21] [8 7] [0 3]
[27 20] [8 7] [0 2]
[27 19] [8 7] [0 1]
[27 19] [8 7] [0 1]
[27 18] [8 7] [0 0]
[27 17] [7 6] [3 2]
[26 25] [8 8] [2 1]
[26 24] [8 8] [2 0]
[26 23] [8 8] [ 2 -1]
[26 23] [8 8] [ 2 -1]
[26 22] [8 7] [-1  4]
[26 21] [8 7] [-1  3]
[26 22] [8 7] [-1  4]
[26 21] [8 7] [-1  3]
[26 20] [8 7] [-1  2]
[26 19] [7 7] [ 5 -2]
[30 20] [8 7] [3 2]
[30 19] [8 7] [3 1]
[30 18] [8 7] [3 0]
[29 22] [8 8] [ 5 -2]
[29 21] [8 7] [2 3]
[29 20] [8 7] [2 2]
[29 19] [8 7] [2 1]
[29 18] [8 7] [2 0]
[30 18] [8 7] [3 0]
[30 17] [8 7] [ 3 -1]
[29 21] [8 7] [2 3]
[29 20] [8 7] [2 2]
[29 19] [8 7] [2 1]
[29 18] [8 7] [2 0]
[29 17] [8 7] [ 2 -1]
[30 16] [8 6] [0 4]
[29 20] [8 7] [2 2]
[29 19] [8 7] [2 1]
[29 18] [8 7] [2 0]
[29 17] [8 7] [ 2 -1]
[29 16] [8 6] [-1  4]
[29 19] [8 7] [2 1]
[29 18] [8 7] [2 0]
[29 17] [8 7] [ 2 -1]
[29 16] [8 6] [-1  4]
[29 15] [8 6] [-1  3]
[28 22] [8 8] [ 4 -2]
[28 21] [8 7] [1 3]
[28 20] [8 7] [1 2]
[28 19] [8 7] [1 1]
[28 20] [8 7] [1 2]
[28 19] [8 7] [1 1]
[28 18] [8 7] [1 0]
[28 18] [8 7] [1 0]
[28 17] [8 6] [-2  5]
[28 16] [8 6] [-2  4]
[29 21] [8 7] [2 3]
[29 20] [8 7] [2 2]
[28 24] [8 8] [4 0]
[28 23] [8 8] [ 4 -1]
[28 22] [8 8] [ 4 -2]
[28 21] [8 7] [1 3]
[28 20] [8 7] [1 2]
[29 19] [8 7] [2 1]
[28 23] [8 8] [ 4 -1]
[28 22] [8 8] [ 4 -2]
[28 21] [8 7] [1 3]
[28 20] [8 7] [1 2]
[28 19] [8 7] [1 1]
[28 22] [8 8] [ 4 -2]
[28 21] [8 7] [1 3]
[28 20] [8 7] [1 2]
[28 19] [8 7] [1 1]
[28 18] [8 7] [1 0]
[27 25] [8 8] [3 1]
[27 24] [8 8] [3 0]
[27 23] [8 8] [ 3 -1]
[27 22] [8 7] [0 4]
[27 23] [8 8] [ 3 -1]
[27 22] [8 7] [0 4]
[27 21] [8 7] [0 3]
[27 21] [8 7] [0 3]
[27 20] [8 7] [0 2]
[27 19] [8 7] [0 1]
[29 18] [8 7] [2 0]
[28 22] [8 8] [ 4 -2]
[28 21] [8 7] [1 3]
[28 20] [8 7] [1 2]
[28 19] [8 7] [1 1]
[28 18] [8 7] [1 0]
[28 21] [8 7] [1 3]
[28 20] [8 7] [1 2]
[28 19] [8 7] [1 1]
[28 18] [8 7] [1 0]
[28 17] [8 6] [-2  5]
[27 24] [8 8] [3 0]
[27 23] [8 8] [ 3 -1]
[27 22] [8 7] [0 4]
[27 21] [8 7] [0 3]
[27 22] [8 7] [0 4]
[27 21] [8 7] [0 3]
[27 20] [8 7] [0 2]
[27 20] [8 7] [0 2]
[27 19] [8 7] [0 1]
[27 18] [8 7] [0 0]
[28 20] [8 7] [1 2]
[28 19] [8 7] [1 1]
[28 18] [8 7] [1 0]
[28 17] [8 6] [-2  5]
[28 16] [8 6] [-2  4]
[27 23] [8 8] [ 3 -1]
[27 22] [8 7] [0 4]
[27 21] [8 7] [0 3]
[27 20] [8 7] [0 2]
[27 21] [8 7] [0 3]
[27 20] [8 7] [0 2]
[27 19] [8 7] [0 1]
[27 19] [8 7] [0 1]
[27 18] [8 7] [0 0]
[27 17] [7 6] [3 2]
[27 22] [8 7] [0 4]
[27 21] [8 7] [0 3]
[27 20] [8 7] [0 2]
[27 19] [8 7] [0 1]
[27 20] [8 7] [0 2]
[27 19] [8 7] [0 1]
[27 18] [8 7] [0 0]
[27 18] [8 7] [0 0]
[27 17] [7 6] [3 2]
[27 16] [7 6] [3 1]
[26 24] [8 8] [2 0]
[26 23] [8 8] [ 2 -1]
[26 22] [8 7] [-1  4]
[26 22] [8 7] [-1  4]
[26 21] [8 7] [-1  3]
[26 20] [8 7] [-1  2]
[26 21] [8 7] [-1  3]
[26 20] [8 7] [-1  2]
[26 19] [7 7] [ 5 -2]
[26 18] [7 6] [2 3]
[29 20] [8 7] [2 2]
[29 19] [8 7] [2 1]
[28 23] [8 8] [ 4 -1]
[28 22] [8 8] [ 4 -2]
[28 21] [8 7] [1 3]
[28 20] [8 7] [1 2]
[28 19] [8 7] [1 1]
[29 18] [8 7] [2 0]
[28 22] [8 8] [ 4 -2]
[28 21] [8 7] [1 3]
[28 20] [8 7] [1 2]
[28 19] [8 7] [1 1]
[28 18] [8 7] [1 0]
[28 21] [8 7] [1 3]
[28 20] [8 7] [1 2]
[28 19] [8 7] [1 1]
[28 18] [8 7] [1 0]
[28 17] [8 6] [-2  5]
[27 24] [8 8] [3 0]
[27 23] [8 8] [ 3 -1]
[27 22] [8 7] [0 4]
[27 21] [8 7] [0 3]
[27 22] [8 7] [0 4]
[27 21] [8 7] [0 3]
[27 20] [8 7] [0 2]
[27 20] [8 7] [0 2]
[27 19] [8 7] [0 1]
[27 18] [8 7] [0 0]
[29 17] [8 7] [ 2 -1]
[28 21] [8 7] [1 3]
[28 20] [8 7] [1 2]
[28 19] [8 7] [1 1]
[28 18] [8 7] [1 0]
[28 17] [8 6] [-2  5]
[28 20] [8 7] [1 2]
[28 19] [8 7] [1 1]
[28 18] [8 7] [1 0]
[28 17] [8 6] [-2  5]
[28 16] [8 6] [-2  4]
[27 23] [8 8] [ 3 -1]
[27 22] [8 7] [0 4]
[27 21] [8 7] [0 3]
[27 20] [8 7] [0 2]
[27 21] [8 7] [0 3]
[27 20] [8 7] [0 2]
[27 19] [8 7] [0 1]
[27 19] [8 7] [0 1]
[27 18] [8 7] [0 0]
[27 17] [7 6] [3 2]
[28 19] [8 7] [1 1]
[28 18] [8 7] [1 0]
[28 17] [8 6] [-2  5]
[28 16] [8 6] [-2  4]
[28 15] [7 6] [4 0]
[27 22] [8 7] [0 4]
[27 21] [8 7] [0 3]
[27 20] [8 7] [0 2]
[27 19] [8 7] [0 1]
[27 20] [8 7] [0 2]
[27 19] [8 7] [0 1]
[27 18] [8 7] [0 0]
[27 18] [8 7] [0 0]
[27 17] [7 6] [3 2]
[27 16] [7 6] [3 1]
[27 21] [8 7] [0 3]
[27 20] [8 7] [0 2]
[27 19] [8 7] [0 1]
[27 18] [8 7] [0 0]
[27 19] [8 7] [0 1]
[27 18] [8 7] [0 0]
[27 17] [7 6] [3 2]
[27 17] [7 6] [3 2]
[27 16] [7 6] [3 1]
[27 15] [7 6] [3 0]
[26 23] [8 8] [ 2 -1]
[26 22] [8 7] [-1  4]
[26 21] [8 7] [-1  3]
[26 21] [8 7] [-1  3]
[26 20] [8 7] [-1  2]
[26 19] [7 7] [ 5 -2]
[26 20] [8 7] [-1  2]
[26 19] [7 7] [ 5 -2]
[26 18] [7 6] [2 3]
[26 17] [7 6] [2 2]
[28 20] [8 7] [1 2]
[27 24] [8 8] [3 0]
[27 23] [8 8] [ 3 -1]
[27 22] [8 7] [0 4]
[27 21] [8 7] [0 3]
[27 20] [8 7] [0 2]
[27 23] [8 8] [ 3 -1]
[27 22] [8 7] [0 4]
[27 21] [8 7] [0 3]
[27 20] [8 7] [0 2]
[27 19] [8 7] [0 1]
[26 26] [8 8] [2 2]
[26 25] [8 8] [2 1]
[26 24] [8 8] [2 0]
[26 23] [8 8] [ 2 -1]
[26 24] [8 8] [2 0]
[26 23] [8 8] [ 2 -1]
[26 22] [8 7] [-1  4]
[26 22] [8 7] [-1  4]
[26 21] [8 7] [-1  3]
[26 20] [8 7] [-1  2]
[27 22] [8 7] [0 4]
[27 21] [8 7] [0 3]
[27 20] [8 7] [0 2]
[27 19] [8 7] [0 1]
[27 18] [8 7] [0 0]
[26 25] [8 8] [2 1]
[26 24] [8 8] [2 0]
[26 23] [8 8] [ 2 -1]
[26 22] [8 7] [-1  4]
[26 23] [8 8] [ 2 -1]
[26 22] [8 7] [-1  4]
[26 21] [8 7] [-1  3]
[26 21] [8 7] [-1  3]
[26 20] [8 7] [-1  2]
[26 19] [7 7] [ 5 -2]
[26 24] [8 8] [2 0]
[26 23] [8 8] [ 2 -1]
[26 22] [8 7] [-1  4]
[26 21] [8 7] [-1  3]
[26 22] [8 7] [-1  4]
[26 21] [8 7] [-1  3]
[26 20] [8 7] [-1  2]
[26 20] [8 7] [-1  2]
[26 19] [7 7] [ 5 -2]
[26 18] [7 6] [2 3]
[25 26] [8 8] [1 2]
[25 25] [8 8] [1 1]
[25 24] [8 8] [1 0]
[25 24] [8 8] [1 0]
[25 23] [8 7] [-2  5]
[25 22] [8 7] [-2  4]
[25 23] [8 7] [-2  5]
[25 22] [8 7] [-2  4]
[25 21] [7 7] [4 0]
[25 20] [7 7] [ 4 -1]
[27 21] [8 7] [0 3]
[27 20] [8 7] [0 2]
[27 19] [8 7] [0 1]
[27 18] [8 7] [0 0]
[27 17] [7 6] [3 2]
[26 24] [8 8] [2 0]
[26 23] [8 8] [ 2 -1]
[26 22] [8 7] [-1  4]
[26 21] [8 7] [-1  3]
[26 22] [8 7] [-1  4]
[26 21] [8 7] [-1  3]
[26 20] [8 7] [-1  2]
[26 20] [8 7] [-1  2]
[26 19] [7 7] [ 5 -2]
[26 18] [7 6] [2 3]
[26 23] [8 8] [ 2 -1]
[26 22] [8 7] [-1  4]
[26 21] [8 7] [-1  3]
[26 20] [8 7] [-1  2]
[26 21] [8 7] [-1  3]
[26 20] [8 7] [-1  2]
[26 19] [7 7] [ 5 -2]
[26 19] [7 7] [ 5 -2]
[26 18] [7 6] [2 3]
[26 17] [7 6] [2 2]
[25 25] [8 8] [1 1]
[25 24] [8 8] [1 0]
[25 23] [8 7] [-2  5]
[25 23] [8 7] [-2  5]
[25 22] [8 7] [-2  4]
[25 21] [7 7] [4 0]
[25 22] [8 7] [-2  4]
[25 21] [7 7] [4 0]
[25 20] [7 7] [ 4 -1]
[25 19] [7 7] [ 4 -2]
[26 22] [8 7] [-1  4]
[26 21] [8 7] [-1  3]
[26 20] [8 7] [-1  2]
[26 19] [7 7] [ 5 -2]
[26 20] [8 7] [-1  2]
[26 19] [7 7] [ 5 -2]
[26 18] [7 6] [2 3]
[26 18] [7 6] [2 3]
[26 17] [7 6] [2 2]
[26 16] [7 6] [2 1]
[25 24] [8 8] [1 0]
[25 23] [8 7] [-2  5]
[25 22] [8 7] [-2  4]
[25 22] [8 7] [-2  4]
[25 21] [7 7] [4 0]
[25 20] [7 7] [ 4 -1]
[25 21] [7 7] [4 0]
[25 20] [7 7] [ 4 -1]
[25 19] [7 7] [ 4 -2]
[25 18] [7 6] [1 3]
[25 23] [8 7] [-2  5]
[25 22] [8 7] [-2  4]
[25 21] [7 7] [4 0]
[25 21] [7 7] [4 0]
[25 20] [7 7] [ 4 -1]
[25 19] [7 7] [ 4 -2]
[25 20] [7 7] [ 4 -1]
[25 19] [7 7] [ 4 -2]
[25 18] [7 6] [1 3]
[25 17] [7 6] [1 2]
[24 24] [8 8] [0 0]
[24 23] [7 7] [3 2]
[24 22] [7 7] [3 1]
[24 21] [7 7] [3 0]
[24 20] [7 7] [ 3 -1]
[31 24] [9 8] [1 3]
[31 23] [9 8] [1 2]
[31 22] [9 8] [1 1]
[31 21] [9 8] [1 0]
[30 25] [9 8] [0 4]
[30 24] [9 8] [0 3]
[30 23] [9 8] [0 2]
[30 22] [9 8] [0 1]
[30 21] [9 8] [0 0]
[30 26] [9 9] [ 3 -1]
[30 25] [9 8] [0 4]
[30 24] [9 8] [0 3]
[29 28] [9 9] [2 1]
[29 27] [9 9] [2 0]
[29 26] [9 9] [ 2 -1]
[29 25] [9 8] [-1  4]
[29 24] [9 8] [-1  3]
[30 24] [9 8] [0 3]
[30 23] [9 8] [0 2]
[29 27] [9 9] [2 0]
[29 26] [9 9] [ 2 -1]
[29 25] [9 8] [-1  4]
[29 24] [9 8] [-1  3]
[29 23] [9 8] [-1  2]
[30 22] [9 8] [0 1]
[29 26] [9 9] [ 2 -1]
[29 25] [9 8] [-1  4]
[29 24] [9 8] [-1  3]
[29 23] [9 8] [-1  2]
[29 22] [8 8] [ 5 -2]
[29 25] [9 8] [-1  4]
[29 24] [9 8] [-1  3]
[29 23] [9 8] [-1  2]
[29 22] [8 8] [ 5 -2]
[29 21] [8 7] [2 3]
[28 28] [9 9] [1 1]
[28 27] [9 9] [1 0]
[28 26] [9 8] [-2  5]
[28 25] [9 8] [-2  4]
[28 26] [9 8] [-2  5]
[28 25] [9 8] [-2  4]
[28 24] [8 8] [4 0]
[28 24] [8 8] [4 0]
[28 23] [8 8] [ 4 -1]
[28 22] [8 8] [ 4 -2]
[30 25] [9 8] [0 4]
[30 24] [9 8] [0 3]
[30 23] [9 8] [0 2]
[29 27] [9 9] [2 0]
[29 26] [9 9] [ 2 -1]
[29 25] [9 8] [-1  4]
[29 24] [9 8] [-1  3]
[29 23] [9 8] [-1  2]
[30 23] [9 8] [0 2]
[30 22] [9 8] [0 1]
[29 26] [9 9] [ 2 -1]
[29 25] [9 8] [-1  4]
[29 24] [9 8] [-1  3]
[29 23] [9 8] [-1  2]
[29 22] [8 8] [ 5 -2]
[30 21] [9 8] [0 0]
[29 25] [9 8] [-1  4]
[29 24] [9 8] [-1  3]
[29 23] [9 8] [-1  2]
[29 22] [8 8] [ 5 -2]
[29 21] [8 7] [2 3]
[29 24] [9 8] [-1  3]
[29 23] [9 8] [-1  2]
[29 22] [8 8] [ 5 -2]
[29 21] [8 7] [2 3]
[29 20] [8 7] [2 2]
[28 27] [9 9] [1 0]
[28 26] [9 8] [-2  5]
[28 25] [9 8] [-2  4]
[28 24] [8 8] [4 0]
[28 25] [9 8] [-2  4]
[28 24] [8 8] [4 0]
[28 23] [8 8] [ 4 -1]
[28 23] [8 8] [ 4 -1]
[28 22] [8 8] [ 4 -2]
[28 21] [8 7] [1 3]
[29 26] [9 9] [ 2 -1]
[29 25] [9 8] [-1  4]
[28 29] [9 9] [1 2]
[28 28] [9 9] [1 1]
[28 27] [9 9] [1 0]
[28 26] [9 8] [-2  5]
[28 25] [9 8] [-2  4]
[29 24] [9 8] [-1  3]
[28 28] [9 9] [1 1]
[28 27] [9 9] [1 0]
[28 26] [9 8] [-2  5]
[28 25] [9 8] [-2  4]
[28 24] [8 8] [4 0]
[28 27] [9 9] [1 0]
[28 26] [9 8] [-2  5]
[28 25] [9 8] [-2  4]
[28 24] [8 8] [4 0]
[28 23] [8 8] [ 4 -1]
[27 30] [9 9] [0 3]
[27 29] [9 9] [0 2]
[27 28] [9 9] [0 1]
[27 27] [9 9] [0 0]
[27 28] [9 9] [0 1]
[27 27] [9 9] [0 0]
[27 26] [8 8] [3 2]
[27 26] [8 8] [3 2]
[27 25] [8 8] [3 1]
[27 24] [8 8] [3 0]
[29 23] [9 8] [-1  2]
[28 27] [9 9] [1 0]
[28 26] [9 8] [-2  5]
[28 25] [9 8] [-2  4]
[28 24] [8 8] [4 0]
[28 23] [8 8] [ 4 -1]
[28 26] [9 8] [-2  5]
[28 25] [9 8] [-2  4]
[28 24] [8 8] [4 0]
[28 23] [8 8] [ 4 -1]
[28 22] [8 8] [ 4 -2]
[27 29] [9 9] [0 2]
[27 28] [9 9] [0 1]
[27 27] [9 9] [0 0]
[27 26] [8 8] [3 2]
[27 27] [9 9] [0 0]
[27 26] [8 8] [3 2]
[27 25] [8 8] [3 1]
[27 25] [8 8] [3 1]
[27 24] [8 8] [3 0]
[27 23] [8 8] [ 3 -1]
[28 25] [9 8] [-2  4]
[28 24] [8 8] [4 0]
[28 23] [8 8] [ 4 -1]
[28 22] [8 8] [ 4 -2]
[28 21] [8 7] [1 3]
[27 28] [9 9] [0 1]
[27 27] [9 9] [0 0]
[27 26] [8 8] [3 2]
[27 25] [8 8] [3 1]
[27 26] [8 8] [3 2]
[27 25] [8 8] [3 1]
[27 24] [8 8] [3 0]
[27 24] [8 8] [3 0]
[27 23] [8 8] [ 3 -1]
[27 22] [8 7] [0 4]
[27 27] [9 9] [0 0]
[27 26] [8 8] [3 2]
[27 25] [8 8] [3 1]
[27 24] [8 8] [3 0]
[27 25] [8 8] [3 1]
[27 24] [8 8] [3 0]
[27 23] [8 8] [ 3 -1]
[27 23] [8 8] [ 3 -1]
[27 22] [8 7] [0 4]
[27 21] [8 7] [0 3]
[26 29] [9 9] [-1  2]
[26 28] [8 9] [ 5 -2]
[26 27] [8 8] [2 3]
[26 27] [8 8] [2 3]
[26 26] [8 8] [2 2]
[26 25] [8 8] [2 1]
[26 26] [8 8] [2 2]
[26 25] [8 8] [2 1]
[26 24] [8 8] [2 0]
[26 23] [8 8] [ 2 -1]
[30 24] [9 8] [0 3]
[30 23] [9 8] [0 2]
[30 22] [9 8] [0 1]
[29 26] [9 9] [ 2 -1]
[29 25] [9 8] [-1  4]
[29 24] [9 8] [-1  3]
[29 23] [9 8] [-1  2]
[29 22] [8 8] [ 5 -2]
[30 22] [9 8] [0 1]
[30 21] [9 8] [0 0]
[29 25] [9 8] [-1  4]
[29 24] [9 8] [-1  3]
[29 23] [9 8] [-1  2]
[29 22] [8 8] [ 5 -2]
[29 21] [8 7] [2 3]
[30 20] [8 7] [3 2]
[29 24] [9 8] [-1  3]
[29 23] [9 8] [-1  2]
[29 22] [8 8] [ 5 -2]
[29 21] [8 7] [2 3]
[29 20] [8 7] [2 2]
[29 23] [9 8] [-1  2]
[29 22] [8 8] [ 5 -2]
[29 21] [8 7] [2 3]
[29 20] [8 7] [2 2]
[29 19] [8 7] [2 1]
[28 26] [9 8] [-2  5]
[28 25] [9 8] [-2  4]
[28 24] [8 8] [4 0]
[28 23] [8 8] [ 4 -1]
[28 24] [8 8] [4 0]
[28 23] [8 8] [ 4 -1]
[29 23] [9 8] [-1  2]
[29 22] [8 8] [ 5 -2]
[28 26] [9 8] [-2  5]
[28 25] [9 8] [-2  4]
[28 24] [8 8] [4 0]
[28 23] [8 8] [ 4 -1]
[28 22] [8 8] [ 4 -2]
[29 21] [8 7] [2 3]
[28 25] [9 8] [-2  4]
[28 24] [8 8] [4 0]
[28 23] [8 8] [ 4 -1]
[28 22] [8 8] [ 4 -2]
[28 21] [8 7] [1 3]
[28 24] [8 8] [4 0]
[28 23] [8 8] [ 4 -1]
[28 22] [8 8] [ 4 -2]
[28 21] [8 7] [1 3]
[28 20] [8 7] [1 2]
[27 27] [9 9] [0 0]
[27 26] [8 8] [3 2]
[27 25] [8 8] [3 1]
[27 24] [8 8] [3 0]
[27 25] [8 8] [3 1]
[27 24] [8 8] [3 0]
[27 23] [8 8] [ 3 -1]
[27 23] [8 8] [ 3 -1]
[27 22] [8 7] [0 4]
[27 21] [8 7] [0 3]
[29 24] [9 8] [-1  3]
[29 23] [9 8] [-1  2]
[29 22] [8 8] [ 5 -2]
[28 26] [9 8] [-2  5]
[28 25] [9 8] [-2  4]
[28 24] [8 8] [4 0]
[28 23] [8 8] [ 4 -1]
[28 22] [8 8] [ 4 -2]
[29 22] [8 8] [ 5 -2]
[29 21] [8 7] [2 3]
[28 25] [9 8] [-2  4]
[28 24] [8 8] [4 0]
[28 23] [8 8] [ 4 -1]
[28 22] [8 8] [ 4 -2]
[28 21] [8 7] [1 3]
[29 20] [8 7] [2 2]
[28 24] [8 8] [4 0]
[28 23] [8 8] [ 4 -1]
[28 22] [8 8] [ 4 -2]
[28 21] [8 7] [1 3]
[28 20] [8 7] [1 2]
[28 23] [8 8] [ 4 -1]
[28 22] [8 8] [ 4 -2]
[28 21] [8 7] [1 3]
[28 20] [8 7] [1 2]
[28 19] [8 7] [1 1]
[27 26] [8 8] [3 2]
[27 25] [8 8] [3 1]
[27 24] [8 8] [3 0]
[27 23] [8 8] [ 3 -1]
[27 24] [8 8] [3 0]
[27 23] [8 8] [ 3 -1]
[27 22] [8 7] [0 4]
[27 22] [8 7] [0 4]
[27 21] [8 7] [0 3]
[27 20] [8 7] [0 2]
[28 25] [9 8] [-2  4]
[28 24] [8 8] [4 0]
[27 28] [9 9] [0 1]
[27 27] [9 9] [0 0]
[27 26] [8 8] [3 2]
[27 25] [8 8] [3 1]
[27 24] [8 8] [3 0]
[28 23] [8 8] [ 4 -1]
[27 27] [9 9] [0 0]
[27 26] [8 8] [3 2]
[27 25] [8 8] [3 1]
[27 24] [8 8] [3 0]
[27 23] [8 8] [ 3 -1]
[27 26] [8 8] [3 2]
[27 25] [8 8] [3 1]
[27 24] [8 8] [3 0]
[27 23] [8 8] [ 3 -1]
[27 22] [8 7] [0 4]
[26 29] [9 9] [-1  2]
[26 28] [8 9] [ 5 -2]
[26 27] [8 8] [2 3]
[26 26] [8 8] [2 2]
[26 27] [8 8] [2 3]
[26 26] [8 8] [2 2]
[26 25] [8 8] [2 1]
[26 25] [8 8] [2 1]
[26 24] [8 8] [2 0]
[26 23] [8 8] [ 2 -1]
[28 22] [8 8] [ 4 -2]
[27 26] [8 8] [3 2]
[27 25] [8 8] [3 1]
[27 24] [8 8] [3 0]
[27 23] [8 8] [ 3 -1]
[27 22] [8 7] [0 4]
[27 25] [8 8] [3 1]
[27 24] [8 8] [3 0]
[27 23] [8 8] [ 3 -1]
[27 22] [8 7] [0 4]
[27 21] [8 7] [0 3]
[26 28] [8 9] [ 5 -2]
[26 27] [8 8] [2 3]
[26 26] [8 8] [2 2]
[26 25] [8 8] [2 1]
[26 26] [8 8] [2 2]
[26 25] [8 8] [2 1]
[26 24] [8 8] [2 0]
[26 24] [8 8] [2 0]
[26 23] [8 8] [ 2 -1]
[26 22] [8 7] [-1  4]
[27 24] [8 8] [3 0]
[27 23] [8 8] [ 3 -1]
[27 22] [8 7] [0 4]
[27 21] [8 7] [0 3]
[27 20] [8 7] [0 2]
[26 27] [8 8] [2 3]
[26 26] [8 8] [2 2]
[26 25] [8 8] [2 1]
[26 24] [8 8] [2 0]
[26 25] [8 8] [2 1]
[26 24] [8 8] [2 0]
[26 23] [8 8] [ 2 -1]
[26 23] [8 8] [ 2 -1]
[26 22] [8 7] [-1  4]
[26 21] [8 7] [-1  3]
[26 26] [8 8] [2 2]
[26 25] [8 8] [2 1]
[26 24] [8 8] [2 0]
[26 23] [8 8] [ 2 -1]
[26 24] [8 8] [2 0]
[26 23] [8 8] [ 2 -1]
[26 22] [8 7] [-1  4]
[26 22] [8 7] [-1  4]
[26 21] [8 7] [-1  3]
[26 20] [8 7] [-1  2]
[25 28] [8 9] [ 4 -2]
[25 27] [8 8] [1 3]
[25 26] [8 8] [1 2]
[25 26] [8 8] [1 2]
[25 25] [8 8] [1 1]
[25 24] [8 8] [1 0]
[25 25] [8 8] [1 1]
[25 24] [8 8] [1 0]
[25 23] [8 7] [-2  5]
[25 22] [8 7] [-2  4]
[29 23] [9 8] [-1  2]
[29 22] [8 8] [ 5 -2]
[29 21] [8 7] [2 3]
[28 25] [9 8] [-2  4]
[28 24] [8 8] [4 0]
[28 23] [8 8] [ 4 -1]
[28 22] [8 8] [ 4 -2]
[28 21] [8 7] [1 3]
[29 21] [8 7] [2 3]
[29 20] [8 7] [2 2]
[28 24] [8 8] [4 0]
[28 23] [8 8] [ 4 -1]
[28 22] [8 8] [ 4 -2]
[28 21] [8 7] [1 3]
[28 20] [8 7] [1 2]
[29 19] [8 7] [2 1]
[28 23] [8 8] [ 4 -1]
[28 22] [8 8] [ 4 -2]
[28 21] [8 7] [1 3]
[28 20] [8 7] [1 2]
[28 19] [8 7] [1 1]
[28 22] [8 8] [ 4 -2]
[28 21] [8 7] [1 3]
[28 20] [8 7] [1 2]
[28 19] [8 7] [1 1]
[28 18] [8 7] [1 0]
[27 25] [8 8] [3 1]
[27 24] [8 8] [3 0]
[27 23] [8 8] [ 3 -1]
[27 22] [8 7] [0 4]
[27 23] [8 8] [ 3 -1]
[27 22] [8 7] [0 4]
[27 21] [8 7] [0 3]
[27 21] [8 7] [0 3]
[27 20] [8 7] [0 2]
[27 19] [8 7] [0 1]
[28 24] [8 8] [4 0]
[28 23] [8 8] [ 4 -1]
[27 27] [9 9] [0 0]
[27 26] [8 8] [3 2]
[27 25] [8 8] [3 1]
[27 24] [8 8] [3 0]
[27 23] [8 8] [ 3 -1]
[28 22] [8 8] [ 4 -2]
[27 26] [8 8] [3 2]
[27 25] [8 8] [3 1]
[27 24] [8 8] [3 0]
[27 23] [8 8] [ 3 -1]
[27 22] [8 7] [0 4]
[27 25] [8 8] [3 1]
[27 24] [8 8] [3 0]
[27 23] [8 8] [ 3 -1]
[27 22] [8 7] [0 4]
[27 21] [8 7] [0 3]
[26 28] [8 9] [ 5 -2]
[26 27] [8 8] [2 3]
[26 26] [8 8] [2 2]
[26 25] [8 8] [2 1]
[26 26] [8 8] [2 2]
[26 25] [8 8] [2 1]
[26 24] [8 8] [2 0]
[26 24] [8 8] [2 0]
[26 23] [8 8] [ 2 -1]
[26 22] [8 7] [-1  4]
[28 21] [8 7] [1 3]
[27 25] [8 8] [3 1]
[27 24] [8 8] [3 0]
[27 23] [8 8] [ 3 -1]
[27 22] [8 7] [0 4]
[27 21] [8 7] [0 3]
[27 24] [8 8] [3 0]
[27 23] [8 8] [ 3 -1]
[27 22] [8 7] [0 4]
[27 21] [8 7] [0 3]
[27 20] [8 7] [0 2]
[26 27] [8 8] [2 3]
[26 26] [8 8] [2 2]
[26 25] [8 8] [2 1]
[26 24] [8 8] [2 0]
[26 25] [8 8] [2 1]
[26 24] [8 8] [2 0]
[26 23] [8 8] [ 2 -1]
[26 23] [8 8] [ 2 -1]
[26 22] [8 7] [-1  4]
[26 21] [8 7] [-1  3]
[27 23] [8 8] [ 3 -1]
[27 22] [8 7] [0 4]
[27 21] [8 7] [0 3]
[27 20] [8 7] [0 2]
[27 19] [8 7] [0 1]
[26 26] [8 8] [2 2]
[26 25] [8 8] [2 1]
[26 24] [8 8] [2 0]
[26 23] [8 8] [ 2 -1]
[26 24] [8 8] [2 0]
[26 23] [8 8] [ 2 -1]
[26 22] [8 7] [-1  4]
[26 22] [8 7] [-1  4]
[26 21] [8 7] [-1  3]
[26 20] [8 7] [-1  2]
[26 25] [8 8] [2 1]
[26 24] [8 8] [2 0]
[26 23] [8 8] [ 2 -1]
[26 22] [8 7] [-1  4]
[26 23] [8 8] [ 2 -1]
[26 22] [8 7] [-1  4]
[26 21] [8 7] [-1  3]
[26 21] [8 7] [-1  3]
[26 20] [8 7] [-1  2]
[26 19] [7 7] [ 5 -2]
[25 27] [8 8] [1 3]
[25 26] [8 8] [1 2]
[25 25] [8 8] [1 1]
[25 25] [8 8] [1 1]
[25 24] [8 8] [1 0]
[25 23] [8 7] [-2  5]
[25 24] [8 8] [1 0]
[25 23] [8 7] [-2  5]
[25 22] [8 7] [-2  4]
[25 21] [7 7] [4 0]
[28 23] [8 8] [ 4 -1]
[28 22] [8 8] [ 4 -2]
[27 26] [8 8] [3 2]
[27 25] [8 8] [3 1]
[27 24] [8 8] [3 0]
[27 23] [8 8] [ 3 -1]
[27 22] [8 7] [0 4]
[28 21] [8 7] [1 3]
[27 25] [8 8] [3 1]
[27 24] [8 8] [3 0]
[27 23] [8 8] [ 3 -1]
[27 22] [8 7] [0 4]
[27 21] [8 7] [0 3]
[27 24] [8 8] [3 0]
[27 23] [8 8] [ 3 -1]
[27 22] [8 7] [0 4]
[27 21] [8 7] [0 3]
[27 20] [8 7] [0 2]
[26 27] [8 8] [2 3]
[26 26] [8 8] [2 2]
[26 25] [8 8] [2 1]
[26 24] [8 8] [2 0]
[26 25] [8 8] [2 1]
[26 24] [8 8] [2 0]
[26 23] [8 8] [ 2 -1]
[26 23] [8 8] [ 2 -1]
[26 22] [8 7] [-1  4]
[26 21] [8 7] [-1  3]
[28 20] [8 7] [1 2]
[27 24] [8 8] [3 0]
[27 23] [8 8] [ 3 -1]
[27 22] [8 7] [0 4]
[27 21] [8 7] [0 3]
[27 20] [8 7] [0 2]
[27 23] [8 8] [ 3 -1]
[27 22] [8 7] [0 4]
[27 21] [8 7] [0 3]
[27 20] [8 7] [0 2]
[27 19] [8 7] [0 1]
[26 26] [8 8] [2 2]
[26 25] [8 8] [2 1]
[26 24] [8 8] [2 0]
[26 23] [8 8] [ 2 -1]
[26 24] [8 8] [2 0]
[26 23] [8 8] [ 2 -1]
[26 22] [8 7] [-1  4]
[26 22] [8 7] [-1  4]
[26 21] [8 7] [-1  3]
[26 20] [8 7] [-1  2]
[27 22] [8 7] [0 4]
[27 21] [8 7] [0 3]
[27 20] [8 7] [0 2]
[27 19] [8 7] [0 1]
[27 18] [8 7] [0 0]
[26 25] [8 8] [2 1]
[26 24] [8 8] [2 0]
[26 23] [8 8] [ 2 -1]
[26 22] [8 7] [-1  4]
[26 23] [8 8] [ 2 -1]
[26 22] [8 7] [-1  4]
[26 21] [8 7] [-1  3]
[26 21] [8 7] [-1  3]
[26 20] [8 7] [-1  2]
[26 19] [7 7] [ 5 -2]
[26 24] [8 8] [2 0]
[26 23] [8 8] [ 2 -1]
[26 22] [8 7] [-1  4]
[26 21] [8 7] [-1  3]
[26 22] [8 7] [-1  4]
[26 21] [8 7] [-1  3]
[26 20] [8 7] [-1  2]
[26 20] [8 7] [-1  2]
[26 19] [7 7] [ 5 -2]
[26 18] [7 6] [2 3]
[25 26] [8 8] [1 2]
[25 25] [8 8] [1 1]
[25 24] [8 8] [1 0]
[25 24] [8 8] [1 0]
[25 23] [8 7] [-2  5]
[25 22] [8 7] [-2  4]
[25 23] [8 7] [-2  5]
[25 22] [8 7] [-2  4]
[25 21] [7 7] [4 0]
[25 20] [7 7] [ 4 -1]
[27 23] [8 8] [ 3 -1]
[26 27] [8 8] [2 3]
[26 26] [8 8] [2 2]
[26 25] [8 8] [2 1]
[26 24] [8 8] [2 0]
[26 23] [8 8] [ 2 -1]
[26 26] [8 8] [2 2]
[26 25] [8 8] [2 1]
[26 24] [8 8] [2 0]
[26 23] [8 8] [ 2 -1]
[26 22] [8 7] [-1  4]
[25 29] [8 9] [ 4 -1]
[25 28] [8 9] [ 4 -2]
[25 27] [8 8] [1 3]
[25 26] [8 8] [1 2]
[25 27] [8 8] [1 3]
[25 26] [8 8] [1 2]
[25 25] [8 8] [1 1]
[25 25] [8 8] [1 1]
[25 24] [8 8] [1 0]
[25 23] [8 7] [-2  5]
[26 25] [8 8] [2 1]
[26 24] [8 8] [2 0]
[26 23] [8 8] [ 2 -1]
[26 22] [8 7] [-1  4]
[26 21] [8 7] [-1  3]
[25 28] [8 9] [ 4 -2]
[25 27] [8 8] [1 3]
[25 26] [8 8] [1 2]
[25 25] [8 8] [1 1]
[25 26] [8 8] [1 2]
[25 25] [8 8] [1 1]
[25 24] [8 8] [1 0]
[25 24] [8 8] [1 0]
[25 23] [8 7] [-2  5]
[25 22] [8 7] [-2  4]
[25 27] [8 8] [1 3]
[25 26] [8 8] [1 2]
[25 25] [8 8] [1 1]
[25 24] [8 8] [1 0]
[25 25] [8 8] [1 1]
[25 24] [8 8] [1 0]
[25 23] [8 7] [-2  5]
[25 23] [8 7] [-2  5]
[25 22] [8 7] [-2  4]
[25 21] [7 7] [4 0]
[24 29] [8 9] [ 3 -1]
[24 28] [8 8] [0 4]
[24 27] [8 8] [0 3]
[24 27] [8 8] [0 3]
[24 26] [8 8] [0 2]
[24 25] [8 8] [0 1]
[24 26] [8 8] [0 2]
[24 25] [8 8] [0 1]
[24 24] [8 8] [0 0]
[24 23] [7 7] [3 2]
[26 24] [8 8] [2 0]
[26 23] [8 8] [ 2 -1]
[26 22] [8 7] [-1  4]
[26 21] [8 7] [-1  3]
[26 20] [8 7] [-1  2]
[25 27] [8 8] [1 3]
[25 26] [8 8] [1 2]
[25 25] [8 8] [1 1]
[25 24] [8 8] [1 0]
[25 25] [8 8] [1 1]
[25 24] [8 8] [1 0]
[25 23] [8 7] [-2  5]
[25 23] [8 7] [-2  5]
[25 22] [8 7] [-2  4]
[25 21] [7 7] [4 0]
[25 26] [8 8] [1 2]
[25 25] [8 8] [1 1]
[25 24] [8 8] [1 0]
[25 23] [8 7] [-2  5]
[25 24] [8 8] [1 0]
[25 23] [8 7] [-2  5]
[25 22] [8 7] [-2  4]
[25 22] [8 7] [-2  4]
[25 21] [7 7] [4 0]
[25 20] [7 7] [ 4 -1]
[24 28] [8 8] [0 4]
[24 27] [8 8] [0 3]
[24 26] [8 8] [0 2]
[24 26] [8 8] [0 2]
[24 25] [8 8] [0 1]
[24 24] [8 8] [0 0]
[24 25] [8 8] [0 1]
[24 24] [8 8] [0 0]
[24 23] [7 7] [3 2]
[24 22] [7 7] [3 1]
[25 25] [8 8] [1 1]
[25 24] [8 8] [1 0]
[25 23] [8 7] [-2  5]
[25 22] [8 7] [-2  4]
[25 23] [8 7] [-2  5]
[25 22] [8 7] [-2  4]
[25 21] [7 7] [4 0]
[25 21] [7 7] [4 0]
[25 20] [7 7] [ 4 -1]
[25 19] [7 7] [ 4 -2]
[24 27] [8 8] [0 3]
[24 26] [8 8] [0 2]
[24 25] [8 8] [0 1]
[24 25] [8 8] [0 1]
[24 24] [8 8] [0 0]
[24 23] [7 7] [3 2]
[24 24] [8 8] [0 0]
[24 23] [7 7] [3 2]
[24 22] [7 7] [3 1]
[24 21] [7 7] [3 0]
[24 26] [8 8] [0 2]
[24 25] [8 8] [0 1]
[24 24] [8 8] [0 0]
[24 24] [8 8] [0 0]
[24 23] [7 7] [3 2]
[24 22] [7 7] [3 1]
[24 23] [7 7] [3 2]
[24 22] [7 7] [3 1]
[24 21] [7 7] [3 0]
[24 20] [7 7] [ 3 -1]
[23 27] [8 8] [-1  3]
[23 26] [8 8] [-1  2]
[23 25] [7 8] [ 5 -2]
[23 24] [7 7] [2 3]
[23 23] [7 7] [2 2]
[29 22] [8 8] [ 5 -2]
[29 21] [8 7] [2 3]
[29 20] [8 7] [2 2]
[28 24] [8 8] [4 0]
[28 23] [8 8] [ 4 -1]
[28 22] [8 8] [ 4 -2]
[28 21] [8 7] [1 3]
[28 20] [8 7] [1 2]
[29 20] [8 7] [2 2]
[29 19] [8 7] [2 1]
[28 23] [8 8] [ 4 -1]
[28 22] [8 8] [ 4 -2]
[28 21] [8 7] [1 3]
[28 20] [8 7] [1 2]
[28 19] [8 7] [1 1]
[29 18] [8 7] [2 0]
[28 22] [8 8] [ 4 -2]
[28 21] [8 7] [1 3]
[28 20] [8 7] [1 2]
[28 19] [8 7] [1 1]
[28 18] [8 7] [1 0]
[28 21] [8 7] [1 3]
[28 20] [8 7] [1 2]
[28 19] [8 7] [1 1]
[28 18] [8 7] [1 0]
[28 17] [8 6] [-2  5]
[27 24] [8 8] [3 0]
[27 23] [8 8] [ 3 -1]
[27 22] [8 7] [0 4]
[27 21] [8 7] [0 3]
[27 22] [8 7] [0 4]
[27 21] [8 7] [0 3]
[27 20] [8 7] [0 2]
[27 20] [8 7] [0 2]
[27 19] [8 7] [0 1]
[27 18] [8 7] [0 0]
[28 23] [8 8] [ 4 -1]
[28 22] [8 8] [ 4 -2]
[27 26] [8 8] [3 2]
[27 25] [8 8] [3 1]
[27 24] [8 8] [3 0]
[27 23] [8 8] [ 3 -1]
[27 22] [8 7] [0 4]
[28 21] [8 7] [1 3]
[27 25] [8 8] [3 1]
[27 24] [8 8] [3 0]
[27 23] [8 8] [ 3 -1]
[27 22] [8 7] [0 4]
[27 21] [8 7] [0 3]
[27 24] [8 8] [3 0]
[27 23] [8 8] [ 3 -1]
[27 22] [8 7] [0 4]
[27 21] [8 7] [0 3]
[27 20] [8 7] [0 2]
[26 27] [8 8] [2 3]
[26 26] [8 8] [2 2]
[26 25] [8 8] [2 1]
[26 24] [8 8] [2 0]
[26 25] [8 8] [2 1]
[26 24] [8 8] [2 0]
[26 23] [8 8] [ 2 -1]
[26 23] [8 8] [ 2 -1]
[26 22] [8 7] [-1  4]
[26 21] [8 7] [-1  3]
[28 20] [8 7] [1 2]
[27 24] [8 8] [3 0]
[27 23] [8 8] [ 3 -1]
[27 22] [8 7] [0 4]
[27 21] [8 7] [0 3]
[27 20] [8 7] [0 2]
[27 23] [8 8] [ 3 -1]
[27 22] [8 7] [0 4]
[27 21] [8 7] [0 3]
[27 20] [8 7] [0 2]
[27 19] [8 7] [0 1]
[26 26] [8 8] [2 2]
[26 25] [8 8] [2 1]
[26 24] [8 8] [2 0]
[26 23] [8 8] [ 2 -1]
[26 24] [8 8] [2 0]
[26 23] [8 8] [ 2 -1]
[26 22] [8 7] [-1  4]
[26 22] [8 7] [-1  4]
[26 21] [8 7] [-1  3]
[26 20] [8 7] [-1  2]
[27 22] [8 7] [0 4]
[27 21] [8 7] [0 3]
[27 20] [8 7] [0 2]
[27 19] [8 7] [0 1]
[27 18] [8 7] [0 0]
[26 25] [8 8] [2 1]
[26 24] [8 8] [2 0]
[26 23] [8 8] [ 2 -1]
[26 22] [8 7] [-1  4]
[26 23] [8 8] [ 2 -1]
[26 22] [8 7] [-1  4]
[26 21] [8 7] [-1  3]
[26 21] [8 7] [-1  3]
[26 20] [8 7] [-1  2]
[26 19] [7 7] [ 5 -2]
[26 24] [8 8] [2 0]
[26 23] [8 8] [ 2 -1]
[26 22] [8 7] [-1  4]
[26 21] [8 7] [-1  3]
[26 22] [8 7] [-1  4]
[26 21] [8 7] [-1  3]
[26 20] [8 7] [-1  2]
[26 20] [8 7] [-1  2]
[26 19] [7 7] [ 5 -2]
[26 18] [7 6] [2 3]
[25 26] [8 8] [1 2]
[25 25] [8 8] [1 1]
[25 24] [8 8] [1 0]
[25 24] [8 8] [1 0]
[25 23] [8 7] [-2  5]
[25 22] [8 7] [-2  4]
[25 23] [8 7] [-2  5]
[25 22] [8 7] [-2  4]
[25 21] [7 7] [4 0]
[25 20] [7 7] [ 4 -1]
[28 22] [8 8] [ 4 -2]
[28 21] [8 7] [1 3]
[27 25] [8 8] [3 1]
[27 24] [8 8] [3 0]
[27 23] [8 8] [ 3 -1]
[27 22] [8 7] [0 4]
[27 21] [8 7] [0 3]
[28 20] [8 7] [1 2]
[27 24] [8 8] [3 0]
[27 23] [8 8] [ 3 -1]
[27 22] [8 7] [0 4]
[27 21] [8 7] [0 3]
[27 20] [8 7] [0 2]
[27 23] [8 8] [ 3 -1]
[27 22] [8 7] [0 4]
[27 21] [8 7] [0 3]
[27 20] [8 7] [0 2]
[27 19] [8 7] [0 1]
[26 26] [8 8] [2 2]
[26 25] [8 8] [2 1]
[26 24] [8 8] [2 0]
[26 23] [8 8] [ 2 -1]
[26 24] [8 8] [2 0]
[26 23] [8 8] [ 2 -1]
[26 22] [8 7] [-1  4]
[26 22] [8 7] [-1  4]
[26 21] [8 7] [-1  3]
[26 20] [8 7] [-1  2]
[28 19] [8 7] [1 1]
[27 23] [8 8] [ 3 -1]
[27 22] [8 7] [0 4]
[27 21] [8 7] [0 3]
[27 20] [8 7] [0 2]
[27 19] [8 7] [0 1]
[27 22] [8 7] [0 4]
[27 21] [8 7] [0 3]
[27 20] [8 7] [0 2]
[27 19] [8 7] [0 1]
[27 18] [8 7] [0 0]
[26 25] [8 8] [2 1]
[26 24] [8 8] [2 0]
[26 23] [8 8] [ 2 -1]
[26 22] [8 7] [-1  4]
[26 23] [8 8] [ 2 -1]
[26 22] [8 7] [-1  4]
[26 21] [8 7] [-1  3]
[26 21] [8 7] [-1  3]
[26 20] [8 7] [-1  2]
[26 19] [7 7] [ 5 -2]
[27 21] [8 7] [0 3]
[27 20] [8 7] [0 2]
[27 19] [8 7] [0 1]
[27 18] [8 7] [0 0]
[27 17] [7 6] [3 2]
[26 24] [8 8] [2 0]
[26 23] [8 8] [ 2 -1]
[26 22] [8 7] [-1  4]
[26 21] [8 7] [-1  3]
[26 22] [8 7] [-1  4]
[26 21] [8 7] [-1  3]
[26 20] [8 7] [-1  2]
[26 20] [8 7] [-1  2]
[26 19] [7 7] [ 5 -2]
[26 18] [7 6] [2 3]
[26 23] [8 8] [ 2 -1]
[26 22] [8 7] [-1  4]
[26 21] [8 7] [-1  3]
[26 20] [8 7] [-1  2]
[26 21] [8 7] [-1  3]
[26 20] [8 7] [-1  2]
[26 19] [7 7] [ 5 -2]
[26 19] [7 7] [ 5 -2]
[26 18] [7 6] [2 3]
[26 17] [7 6] [2 2]
[25 25] [8 8] [1 1]
[25 24] [8 8] [1 0]
[25 23] [8 7] [-2  5]
[25 23] [8 7] [-2  5]
[25 22] [8 7] [-2  4]
[25 21] [7 7] [4 0]
[25 22] [8 7] [-2  4]
[25 21] [7 7] [4 0]
[25 20] [7 7] [ 4 -1]
[25 19] [7 7] [ 4 -2]
[27 22] [8 7] [0 4]
[26 26] [8 8] [2 2]
[26 25] [8 8] [2 1]
[26 24] [8 8] [2 0]
[26 23] [8 8] [ 2 -1]
[26 22] [8 7] [-1  4]
[26 25] [8 8] [2 1]
[26 24] [8 8] [2 0]
[26 23] [8 8] [ 2 -1]
[26 22] [8 7] [-1  4]
[26 21] [8 7] [-1  3]
[25 28] [8 9] [ 4 -2]
[25 27] [8 8] [1 3]
[25 26] [8 8] [1 2]
[25 25] [8 8] [1 1]
[25 26] [8 8] [1 2]
[25 25] [8 8] [1 1]
[25 24] [8 8] [1 0]
[25 24] [8 8] [1 0]
[25 23] [8 7] [-2  5]
[25 22] [8 7] [-2  4]
[26 24] [8 8] [2 0]
[26 23] [8 8] [ 2 -1]
[26 22] [8 7] [-1  4]
[26 21] [8 7] [-1  3]
[26 20] [8 7] [-1  2]
[25 27] [8 8] [1 3]
[25 26] [8 8] [1 2]
[25 25] [8 8] [1 1]
[25 24] [8 8] [1 0]
[25 25] [8 8] [1 1]
[25 24] [8 8] [1 0]
[25 23] [8 7] [-2  5]
[25 23] [8 7] [-2  5]
[25 22] [8 7] [-2  4]
[25 21] [7 7] [4 0]
[25 26] [8 8] [1 2]
[25 25] [8 8] [1 1]
[25 24] [8 8] [1 0]
[25 23] [8 7] [-2  5]
[25 24] [8 8] [1 0]
[25 23] [8 7] [-2  5]
[25 22] [8 7] [-2  4]
[25 22] [8 7] [-2  4]
[25 21] [7 7] [4 0]
[25 20] [7 7] [ 4 -1]
[24 28] [8 8] [0 4]
[24 27] [8 8] [0 3]
[24 26] [8 8] [0 2]
[24 26] [8 8] [0 2]
[24 25] [8 8] [0 1]
[24 24] [8 8] [0 0]
[24 25] [8 8] [0 1]
[24 24] [8 8] [0 0]
[24 23] [7 7] [3 2]
[24 22] [7 7] [3 1]
[26 23] [8 8] [ 2 -1]
[26 22] [8 7] [-1  4]
[26 21] [8 7] [-1  3]
[26 20] [8 7] [-1  2]
[26 19] [7 7] [ 5 -2]
[25 26] [8 8] [1 2]
[25 25] [8 8] [1 1]
[25 24] [8 8] [1 0]
[25 23] [8 7] [-2  5]
[25 24] [8 8] [1 0]
[25 23] [8 7] [-2  5]
[25 22] [8 7] [-2  4]
[25 22] [8 7] [-2  4]
[25 21] [7 7] [4 0]
[25 20] [7 7] [ 4 -1]
[25 25] [8 8] [1 1]
[25 24] [8 8] [1 0]
[25 23] [8 7] [-2  5]
[25 22] [8 7] [-2  4]
[25 23] [8 7] [-2  5]
[25 22] [8 7] [-2  4]
[25 21] [7 7] [4 0]
[25 21] [7 7] [4 0]
[25 20] [7 7] [ 4 -1]
[25 19] [7 7] [ 4 -2]
[24 27] [8 8] [0 3]
[24 26] [8 8] [0 2]
[24 25] [8 8] [0 1]
[24 25] [8 8] [0 1]
[24 24] [8 8] [0 0]
[24 23] [7 7] [3 2]
[24 24] [8 8] [0 0]
[24 23] [7 7] [3 2]
[24 22] [7 7] [3 1]
[24 21] [7 7] [3 0]
[25 24] [8 8] [1 0]
[25 23] [8 7] [-2  5]
[25 22] [8 7] [-2  4]
[25 21] [7 7] [4 0]
[25 22] [8 7] [-2  4]
[25 21] [7 7] [4 0]
[25 20] [7 7] [ 4 -1]
[25 20] [7 7] [ 4 -1]
[25 19] [7 7] [ 4 -2]
[25 18] [7 6] [1 3]
[24 26] [8 8] [0 2]
[24 25] [8 8] [0 1]
[24 24] [8 8] [0 0]
[24 24] [8 8] [0 0]
[24 23] [7 7] [3 2]
[24 22] [7 7] [3 1]
[24 23] [7 7] [3 2]
[24 22] [7 7] [3 1]
[24 21] [7 7] [3 0]
[24 20] [7 7] [ 3 -1]
[24 25] [8 8] [0 1]
[24 24] [8 8] [0 0]
[24 23] [7 7] [3 2]
[24 23] [7 7] [3 2]
[24 22] [7 7] [3 1]
[24 21] [7 7] [3 0]
[24 22] [7 7] [3 1]
[24 21] [7 7] [3 0]
[24 20] [7 7] [ 3 -1]
[24 19] [7 6] [0 4]
[23 26] [8 8] [-1  2]
[23 25] [7 8] [ 5 -2]
[23 24] [7 7] [2 3]
[23 23] [7 7] [2 2]
[23 22] [7 7] [2 1]
[28 21] [8 7] [1 3]
[28 20] [8 7] [1 2]
[27 24] [8 8] [3 0]
[27 23] [8 8] [ 3 -1]
[27 22] [8 7] [0 4]
[27 21] [8 7] [0 3]
[27 20] [8 7] [0 2]
[28 19] [8 7] [1 1]
[27 23] [8 8] [ 3 -1]
[27 22] [8 7] [0 4]
[27 21] [8 7] [0 3]
[27 20] [8 7] [0 2]
[27 19] [8 7] [0 1]
[27 22] [8 7] [0 4]
[27 21] [8 7] [0 3]
[27 20] [8 7] [0 2]
[27 19] [8 7] [0 1]
[27 18] [8 7] [0 0]
[26 25] [8 8] [2 1]
[26 24] [8 8] [2 0]
[26 23] [8 8] [ 2 -1]
[26 22] [8 7] [-1  4]
[26 23] [8 8] [ 2 -1]
[26 22] [8 7] [-1  4]
[26 21] [8 7] [-1  3]
[26 21] [8 7] [-1  3]
[26 20] [8 7] [-1  2]
[26 19] [7 7] [ 5 -2]
[28 18] [8 7] [1 0]
[27 22] [8 7] [0 4]
[27 21] [8 7] [0 3]
[27 20] [8 7] [0 2]
[27 19] [8 7] [0 1]
[27 18] [8 7] [0 0]
[27 21] [8 7] [0 3]
[27 20] [8 7] [0 2]
[27 19] [8 7] [0 1]
[27 18] [8 7] [0 0]
[27 17] [7 6] [3 2]
[26 24] [8 8] [2 0]
[26 23] [8 8] [ 2 -1]
[26 22] [8 7] [-1  4]
[26 21] [8 7] [-1  3]
[26 22] [8 7] [-1  4]
[26 21] [8 7] [-1  3]
[26 20] [8 7] [-1  2]
[26 20] [8 7] [-1  2]
[26 19] [7 7] [ 5 -2]
[26 18] [7 6] [2 3]
[27 20] [8 7] [0 2]
[27 19] [8 7] [0 1]
[27 18] [8 7] [0 0]
[27 17] [7 6] [3 2]
[27 16] [7 6] [3 1]
[26 23] [8 8] [ 2 -1]
[26 22] [8 7] [-1  4]
[26 21] [8 7] [-1  3]
[26 20] [8 7] [-1  2]
[26 21] [8 7] [-1  3]
[26 20] [8 7] [-1  2]
[26 19] [7 7] [ 5 -2]
[26 19] [7 7] [ 5 -2]
[26 18] [7 6] [2 3]
[26 17] [7 6] [2 2]
[26 22] [8 7] [-1  4]
[26 21] [8 7] [-1  3]
[26 20] [8 7] [-1  2]
[26 19] [7 7] [ 5 -2]
[26 20] [8 7] [-1  2]
[26 19] [7 7] [ 5 -2]
[26 18] [7 6] [2 3]
[26 18] [7 6] [2 3]
[26 17] [7 6] [2 2]
[26 16] [7 6] [2 1]
[25 24] [8 8] [1 0]
[25 23] [8 7] [-2  5]
[25 22] [8 7] [-2  4]
[25 22] [8 7] [-2  4]
[25 21] [7 7] [4 0]
[25 20] [7 7] [ 4 -1]
[25 21] [7 7] [4 0]
[25 20] [7 7] [ 4 -1]
[25 19] [7 7] [ 4 -2]
[25 18] [7 6] [1 3]
[27 21] [8 7] [0 3]
[26 25] [8 8] [2 1]
[26 24] [8 8] [2 0]
[26 23] [8 8] [ 2 -1]
[26 22] [8 7] [-1  4]
[26 21] [8 7] [-1  3]
[26 24] [8 8] [2 0]
[26 23] [8 8] [ 2 -1]
[26 22] [8 7] [-1  4]
[26 21] [8 7] [-1  3]
[26 20] [8 7] [-1  2]
[25 27] [8 8] [1 3]
[25 26] [8 8] [1 2]
[25 25] [8 8] [1 1]
[25 24] [8 8] [1 0]
[25 25] [8 8] [1 1]
[25 24] [8 8] [1 0]
[25 23] [8 7] [-2  5]
[25 23] [8 7] [-2  5]
[25 22] [8 7] [-2  4]
[25 21] [7 7] [4 0]
[26 23] [8 8] [ 2 -1]
[26 22] [8 7] [-1  4]
[26 21] [8 7] [-1  3]
[26 20] [8 7] [-1  2]
[26 19] [7 7] [ 5 -2]
[25 26] [8 8] [1 2]
[25 25] [8 8] [1 1]
[25 24] [8 8] [1 0]
[25 23] [8 7] [-2  5]
[25 24] [8 8] [1 0]
[25 23] [8 7] [-2  5]
[25 22] [8 7] [-2  4]
[25 22] [8 7] [-2  4]
[25 21] [7 7] [4 0]
[25 20] [7 7] [ 4 -1]
[25 25] [8 8] [1 1]
[25 24] [8 8] [1 0]
[25 23] [8 7] [-2  5]
[25 22] [8 7] [-2  4]
[25 23] [8 7] [-2  5]
[25 22] [8 7] [-2  4]
[25 21] [7 7] [4 0]
[25 21] [7 7] [4 0]
[25 20] [7 7] [ 4 -1]
[25 19] [7 7] [ 4 -2]
[24 27] [8 8] [0 3]
[24 26] [8 8] [0 2]
[24 25] [8 8] [0 1]
[24 25] [8 8] [0 1]
[24 24] [8 8] [0 0]
[24 23] [7 7] [3 2]
[24 24] [8 8] [0 0]
[24 23] [7 7] [3 2]
[24 22] [7 7] [3 1]
[24 21] [7 7] [3 0]
[26 22] [8 7] [-1  4]
[26 21] [8 7] [-1  3]
[26 20] [8 7] [-1  2]
[26 19] [7 7] [ 5 -2]
[26 18] [7 6] [2 3]
[25 25] [8 8] [1 1]
[25 24] [8 8] [1 0]
[25 23] [8 7] [-2  5]
[25 22] [8 7] [-2  4]
[25 23] [8 7] [-2  5]
[25 22] [8 7] [-2  4]
[25 21] [7 7] [4 0]
[25 21] [7 7] [4 0]
[25 20] [7 7] [ 4 -1]
[25 19] [7 7] [ 4 -2]
[25 24] [8 8] [1 0]
[25 23] [8 7] [-2  5]
[25 22] [8 7] [-2  4]
[25 21] [7 7] [4 0]
[25 22] [8 7] [-2  4]
[25 21] [7 7] [4 0]
[25 20] [7 7] [ 4 -1]
[25 20] [7 7] [ 4 -1]
[25 19] [7 7] [ 4 -2]
[25 18] [7 6] [1 3]
[24 26] [8 8] [0 2]
[24 25] [8 8] [0 1]
[24 24] [8 8] [0 0]
[24 24] [8 8] [0 0]
[24 23] [7 7] [3 2]
[24 22] [7 7] [3 1]
[24 23] [7 7] [3 2]
[24 22] [7 7] [3 1]
[24 21] [7 7] [3 0]
[24 20] [7 7] [ 3 -1]
[25 23] [8 7] [-2  5]
[25 22] [8 7] [-2  4]
[25 21] [7 7] [4 0]
[25 20] [7 7] [ 4 -1]
[25 21] [7 7] [4 0]
[25 20] [7 7] [ 4 -1]
[25 19] [7 7] [ 4 -2]
[25 19] [7 7] [ 4 -2]
[25 18] [7 6] [1 3]
[25 17] [7 6] [1 2]
[24 25] [8 8] [0 1]
[24 24] [8 8] [0 0]
[24 23] [7 7] [3 2]
[24 23] [7 7] [3 2]
[24 22] [7 7] [3 1]
[24 21] [7 7] [3 0]
[24 22] [7 7] [3 1]
[24 21] [7 7] [3 0]
[24 20] [7 7] [ 3 -1]
[24 19] [7 6] [0 4]
[24 24] [8 8] [0 0]
[24 23] [7 7] [3 2]
[24 22] [7 7] [3 1]
[24 22] [7 7] [3 1]
[24 21] [7 7] [3 0]
[24 20] [7 7] [ 3 -1]
[24 21] [7 7] [3 0]
[24 20] [7 7] [ 3 -1]
[24 19] [7 6] [0 4]
[24 18] [7 6] [0 3]
[23 25] [7 8] [ 5 -2]
[23 24] [7 7] [2 3]
[23 23] [7 7] [2 2]
[23 22] [7 7] [2 1]
[23 21] [7 7] [2 0]
[27 20] [8 7] [0 2]
[26 24] [8 8] [2 0]
[26 23] [8 8] [ 2 -1]
[26 22] [8 7] [-1  4]
[26 21] [8 7] [-1  3]
[26 20] [8 7] [-1  2]
[26 23] [8 8] [ 2 -1]
[26 22] [8 7] [-1  4]
[26 21] [8 7] [-1  3]
[26 20] [8 7] [-1  2]
[26 19] [7 7] [ 5 -2]
[25 26] [8 8] [1 2]
[25 25] [8 8] [1 1]
[25 24] [8 8] [1 0]
[25 23] [8 7] [-2  5]
[25 24] [8 8] [1 0]
[25 23] [8 7] [-2  5]
[25 22] [8 7] [-2  4]
[25 22] [8 7] [-2  4]
[25 21] [7 7] [4 0]
[25 20] [7 7] [ 4 -1]
[26 22] [8 7] [-1  4]
[26 21] [8 7] [-1  3]
[26 20] [8 7] [-1  2]
[26 19] [7 7] [ 5 -2]
[26 18] [7 6] [2 3]
[25 25] [8 8] [1 1]
[25 24] [8 8] [1 0]
[25 23] [8 7] [-2  5]
[25 22] [8 7] [-2  4]
[25 23] [8 7] [-2  5]
[25 22] [8 7] [-2  4]
[25 21] [7 7] [4 0]
[25 21] [7 7] [4 0]
[25 20] [7 7] [ 4 -1]
[25 19] [7 7] [ 4 -2]
[25 24] [8 8] [1 0]
[25 23] [8 7] [-2  5]
[25 22] [8 7] [-2  4]
[25 21] [7 7] [4 0]
[25 22] [8 7] [-2  4]
[25 21] [7 7] [4 0]
[25 20] [7 7] [ 4 -1]
[25 20] [7 7] [ 4 -1]
[25 19] [7 7] [ 4 -2]
[25 18] [7 6] [1 3]
[24 26] [8 8] [0 2]
[24 25] [8 8] [0 1]
[24 24] [8 8] [0 0]
[24 24] [8 8] [0 0]
[24 23] [7 7] [3 2]
[24 22] [7 7] [3 1]
[24 23] [7 7] [3 2]
[24 22] [7 7] [3 1]
[24 21] [7 7] [3 0]
[24 20] [7 7] [ 3 -1]
[26 21] [8 7] [-1  3]
[26 20] [8 7] [-1  2]
[26 19] [7 7] [ 5 -2]
[26 18] [7 6] [2 3]
[26 17] [7 6] [2 2]
[25 24] [8 8] [1 0]
[25 23] [8 7] [-2  5]
[25 22] [8 7] [-2  4]
[25 21] [7 7] [4 0]
[25 22] [8 7] [-2  4]
[25 21] [7 7] [4 0]
[25 20] [7 7] [ 4 -1]
[25 20] [7 7] [ 4 -1]
[25 19] [7 7] [ 4 -2]
[25 18] [7 6] [1 3]
[25 23] [8 7] [-2  5]
[25 22] [8 7] [-2  4]
[25 21] [7 7] [4 0]
[25 20] [7 7] [ 4 -1]
[25 21] [7 7] [4 0]
[25 20] [7 7] [ 4 -1]
[25 19] [7 7] [ 4 -2]
[25 19] [7 7] [ 4 -2]
[25 18] [7 6] [1 3]
[25 17] [7 6] [1 2]
[24 25] [8 8] [0 1]
[24 24] [8 8] [0 0]
[24 23] [7 7] [3 2]
[24 23] [7 7] [3 2]
[24 22] [7 7] [3 1]
[24 21] [7 7] [3 0]
[24 22] [7 7] [3 1]
[24 21] [7 7] [3 0]
[24 20] [7 7] [ 3 -1]
[24 19] [7 6] [0 4]
[25 22] [8 7] [-2  4]
[25 21] [7 7] [4 0]
[25 20] [7 7] [ 4 -1]
[25 19] [7 7] [ 4 -2]
[25 20] [7 7] [ 4 -1]
[25 19] [7 7] [ 4 -2]
[25 18] [7 6] [1 3]
[25 18] [7 6] [1 3]
[25 17] [7 6] [1 2]
[25 16] [7 6] [1 1]
[24 24] [8 8] [0 0]
[24 23] [7 7] [3 2]
[24 22] [7 7] [3 1]
[24 22] [7 7] [3 1]
[24 21] [7 7] [3 0]
[24 20] [7 7] [ 3 -1]
[24 21] [7 7] [3 0]
[24 20] [7 7] [ 3 -1]
[24 19] [7 6] [0 4]
[24 18] [7 6] [0 3]
[24 23] [7 7] [3 2]
[24 22] [7 7] [3 1]
[24 21] [7 7] [3 0]
[24 21] [7 7] [3 0]
[24 20] [7 7] [ 3 -1]
[24 19] [7 6] [0 4]
[24 20] [7 7] [ 3 -1]
[24 19] [7 6] [0 4]
[24 18] [7 6] [0 3]
[24 17] [7 6] [0 2]
[23 24] [7 7] [2 3]
[23 23] [7 7] [2 2]
[23 22] [7 7] [2 1]
[23 21] [7 7] [2 0]
[23 20] [7 7] [ 2 -1]
[25 24] [8 8] [1 0]
[25 23] [8 7] [-2  5]
[25 22] [8 7] [-2  4]
[25 21] [7 7] [4 0]
[25 20] [7 7] [ 4 -1]
[24 27] [8 8] [0 3]
[24 26] [8 8] [0 2]
[24 25] [8 8] [0 1]
[24 24] [8 8] [0 0]
[24 25] [8 8] [0 1]
[24 24] [8 8] [0 0]
[24 23] [7 7] [3 2]
[24 23] [7 7] [3 2]
[24 22] [7 7] [3 1]
[24 21] [7 7] [3 0]
[24 26] [8 8] [0 2]
[24 25] [8 8] [0 1]
[24 24] [8 8] [0 0]
[24 23] [7 7] [3 2]
[24 24] [8 8] [0 0]
[24 23] [7 7] [3 2]
[24 22] [7 7] [3 1]
[24 22] [7 7] [3 1]
[24 21] [7 7] [3 0]
[24 20] [7 7] [ 3 -1]
[23 28] [8 8] [-1  4]
[23 27] [8 8] [-1  3]
[23 26] [8 8] [-1  2]
[23 26] [8 8] [-1  2]
[23 25] [7 8] [ 5 -2]
[23 24] [7 7] [2 3]
[23 25] [7 8] [ 5 -2]
[23 24] [7 7] [2 3]
[23 23] [7 7] [2 2]
[23 22] [7 7] [2 1]
[24 25] [8 8] [0 1]
[24 24] [8 8] [0 0]
[24 23] [7 7] [3 2]
[24 22] [7 7] [3 1]
[24 23] [7 7] [3 2]
[24 22] [7 7] [3 1]
[24 21] [7 7] [3 0]
[24 21] [7 7] [3 0]
[24 20] [7 7] [ 3 -1]
[24 19] [7 6] [0 4]
[23 27] [8 8] [-1  3]
[23 26] [8 8] [-1  2]
[23 25] [7 8] [ 5 -2]
[23 25] [7 8] [ 5 -2]
[23 24] [7 7] [2 3]
[23 23] [7 7] [2 2]
[23 24] [7 7] [2 3]
[23 23] [7 7] [2 2]
[23 22] [7 7] [2 1]
[23 21] [7 7] [2 0]
[23 26] [8 8] [-1  2]
[23 25] [7 8] [ 5 -2]
[23 24] [7 7] [2 3]
[23 24] [7 7] [2 3]
[23 23] [7 7] [2 2]
[23 22] [7 7] [2 1]
[23 23] [7 7] [2 2]
[23 22] [7 7] [2 1]
[23 21] [7 7] [2 0]
[23 20] [7 7] [ 2 -1]
[22 27] [7 8] [4 0]
[22 26] [7 8] [ 4 -1]
[22 25] [7 8] [ 4 -2]
[22 24] [7 7] [1 3]
[22 23] [7 7] [1 2]
[24 24] [8 8] [0 0]
[24 23] [7 7] [3 2]
[24 22] [7 7] [3 1]
[24 21] [7 7] [3 0]
[24 22] [7 7] [3 1]
[24 21] [7 7] [3 0]
[24 20] [7 7] [ 3 -1]
[24 20] [7 7] [ 3 -1]
[24 19] [7 6] [0 4]
[24 18] [7 6] [0 3]
[23 26] [8 8] [-1  2]
[23 25] [7 8] [ 5 -2]
[23 24] [7 7] [2 3]
[23 24] [7 7] [2 3]
[23 23] [7 7] [2 2]
[23 22] [7 7] [2 1]
[23 23] [7 7] [2 2]
[23 22] [7 7] [2 1]
[23 21] [7 7] [2 0]
[23 20] [7 7] [ 2 -1]
[23 25] [7 8] [ 5 -2]
[23 24] [7 7] [2 3]
[23 23] [7 7] [2 2]
[23 23] [7 7] [2 2]
[23 22] [7 7] [2 1]
[23 21] [7 7] [2 0]
[23 22] [7 7] [2 1]
[23 21] [7 7] [2 0]
[23 20] [7 7] [ 2 -1]
[23 19] [7 6] [-1  4]
[22 26] [7 8] [ 4 -1]
[22 25] [7 8] [ 4 -2]
[22 24] [7 7] [1 3]
[22 23] [7 7] [1 2]
[22 22] [7 7] [1 1]
[23 24] [7 7] [2 3]
[23 23] [7 7] [2 2]
[23 22] [7 7] [2 1]
[23 22] [7 7] [2 1]
[23 21] [7 7] [2 0]
[23 20] [7 7] [ 2 -1]
[23 21] [7 7] [2 0]
[23 20] [7 7] [ 2 -1]
[23 19] [7 6] [-1  4]
[23 18] [7 6] [-1  3]
[22 25] [7 8] [ 4 -2]
[22 24] [7 7] [1 3]
[22 23] [7 7] [1 2]
[22 22] [7 7] [1 1]
[22 21] [7 7] [1 0]
[22 24] [7 7] [1 3]
[22 23] [7 7] [1 2]
[22 22] [7 7] [1 1]
[22 21] [7 7] [1 0]
[22 20] [7 6] [-2  5]
[21 24] [7 7] [0 3]
[29 26] [9 9] [ 2 -1]
[29 25] [9 8] [-1  4]
[29 24] [9 8] [-1  3]
[28 28] [9 9] [1 1]
[28 27] [9 9] [1 0]
[28 26] [9 8] [-2  5]
[28 25] [9 8] [-2  4]
[28 24] [8 8] [4 0]
[29 24] [9 8] [-1  3]
[29 23] [9 8] [-1  2]
[28 27] [9 9] [1 0]
[28 26] [9 8] [-2  5]
[28 25] [9 8] [-2  4]
[28 24] [8 8] [4 0]
[28 23] [8 8] [ 4 -1]
[29 22] [8 8] [ 5 -2]
[28 26] [9 8] [-2  5]
[28 25] [9 8] [-2  4]
[28 24] [8 8] [4 0]
[28 23] [8 8] [ 4 -1]
[28 22] [8 8] [ 4 -2]
[28 25] [9 8] [-2  4]
[28 24] [8 8] [4 0]
[28 23] [8 8] [ 4 -1]
[28 22] [8 8] [ 4 -2]
[28 21] [8 7] [1 3]
[27 28] [9 9] [0 1]
[27 27] [9 9] [0 0]
[27 26] [8 8] [3 2]
[27 25] [8 8] [3 1]
[27 26] [8 8] [3 2]
[27 25] [8 8] [3 1]
[27 24] [8 8] [3 0]
[27 24] [8 8] [3 0]
[27 23] [8 8] [ 3 -1]
[27 22] [8 7] [0 4]
[28 27] [9 9] [1 0]
[28 26] [9 8] [-2  5]
[27 30] [9 9] [0 3]
[27 29] [9 9] [0 2]
[27 28] [9 9] [0 1]
[27 27] [9 9] [0 0]
[27 26] [8 8] [3 2]
[28 25] [9 8] [-2  4]
[27 29] [9 9] [0 2]
[27 28] [9 9] [0 1]
[27 27] [9 9] [0 0]
[27 26] [8 8] [3 2]
[27 25] [8 8] [3 1]
[27 28] [9 9] [0 1]
[27 27] [9 9] [0 0]
[27 26] [8 8] [3 2]
[27 25] [8 8] [3 1]
[27 24] [8 8] [3 0]
[26 31] [9 9] [-1  4]
[26 30] [9 9] [-1  3]
[26 29] [9 9] [-1  2]
[26 28] [8 9] [ 5 -2]
[26 29] [9 9] [-1  2]
[26 28] [8 9] [ 5 -2]
[26 27] [8 8] [2 3]
[26 27] [8 8] [2 3]
[26 26] [8 8] [2 2]
[26 25] [8 8] [2 1]
[28 24] [8 8] [4 0]
[27 28] [9 9] [0 1]
[27 27] [9 9] [0 0]
[27 26] [8 8] [3 2]
[27 25] [8 8] [3 1]
[27 24] [8 8] [3 0]
[27 27] [9 9] [0 0]
[27 26] [8 8] [3 2]
[27 25] [8 8] [3 1]
[27 24] [8 8] [3 0]
[27 23] [8 8] [ 3 -1]
[26 30] [9 9] [-1  3]
[26 29] [9 9] [-1  2]
[26 28] [8 9] [ 5 -2]
[26 27] [8 8] [2 3]
[26 28] [8 9] [ 5 -2]
[26 27] [8 8] [2 3]
[26 26] [8 8] [2 2]
[26 26] [8 8] [2 2]
[26 25] [8 8] [2 1]
[26 24] [8 8] [2 0]
[27 26] [8 8] [3 2]
[27 25] [8 8] [3 1]
[27 24] [8 8] [3 0]
[27 23] [8 8] [ 3 -1]
[27 22] [8 7] [0 4]
[26 29] [9 9] [-1  2]
[26 28] [8 9] [ 5 -2]
[26 27] [8 8] [2 3]
[26 26] [8 8] [2 2]
[26 27] [8 8] [2 3]
[26 26] [8 8] [2 2]
[26 25] [8 8] [2 1]
[26 25] [8 8] [2 1]
[26 24] [8 8] [2 0]
[26 23] [8 8] [ 2 -1]
[26 28] [8 9] [ 5 -2]
[26 27] [8 8] [2 3]
[26 26] [8 8] [2 2]
[26 25] [8 8] [2 1]
[26 26] [8 8] [2 2]
[26 25] [8 8] [2 1]
[26 24] [8 8] [2 0]
[26 24] [8 8] [2 0]
[26 23] [8 8] [ 2 -1]
[26 22] [8 7] [-1  4]
[25 30] [8 9] [4 0]
[25 29] [8 9] [ 4 -1]
[25 28] [8 9] [ 4 -2]
[25 28] [8 9] [ 4 -2]
[25 27] [8 8] [1 3]
[25 26] [8 8] [1 2]
[25 27] [8 8] [1 3]
[25 26] [8 8] [1 2]
[25 25] [8 8] [1 1]
[25 24] [8 8] [1 0]
[28 26] [9 8] [-2  5]
[28 25] [9 8] [-2  4]
[27 29] [9 9] [0 2]
[27 28] [9 9] [0 1]
[27 27] [9 9] [0 0]
[27 26] [8 8] [3 2]
[27 25] [8 8] [3 1]
[28 24] [8 8] [4 0]
[27 28] [9 9] [0 1]
[27 27] [9 9] [0 0]
[27 26] [8 8] [3 2]
[27 25] [8 8] [3 1]
[27 24] [8 8] [3 0]
[27 27] [9 9] [0 0]
[27 26] [8 8] [3 2]
[27 25] [8 8] [3 1]
[27 24] [8 8] [3 0]
[27 23] [8 8] [ 3 -1]
[26 30] [9 9] [-1  3]
[26 29] [9 9] [-1  2]
[26 28] [8 9] [ 5 -2]
[26 27] [8 8] [2 3]
[26 28] [8 9] [ 5 -2]
[26 27] [8 8] [2 3]
[26 26] [8 8] [2 2]
[26 26] [8 8] [2 2]
[26 25] [8 8] [2 1]
[26 24] [8 8] [2 0]
[28 23] [8 8] [ 4 -1]
[27 27] [9 9] [0 0]
[27 26] [8 8] [3 2]
[27 25] [8 8] [3 1]
[27 24] [8 8] [3 0]
[27 23] [8 8] [ 3 -1]
[27 26] [8 8] [3 2]
[27 25] [8 8] [3 1]
[27 24] [8 8] [3 0]
[27 23] [8 8] [ 3 -1]
[27 22] [8 7] [0 4]
[26 29] [9 9] [-1  2]
[26 28] [8 9] [ 5 -2]
[26 27] [8 8] [2 3]
[26 26] [8 8] [2 2]
[26 27] [8 8] [2 3]
[26 26] [8 8] [2 2]
[26 25] [8 8] [2 1]
[26 25] [8 8] [2 1]
[26 24] [8 8] [2 0]
[26 23] [8 8] [ 2 -1]
[27 25] [8 8] [3 1]
[27 24] [8 8] [3 0]
[27 23] [8 8] [ 3 -1]
[27 22] [8 7] [0 4]
[27 21] [8 7] [0 3]
[26 28] [8 9] [ 5 -2]
[26 27] [8 8] [2 3]
[26 26] [8 8] [2 2]
[26 25] [8 8] [2 1]
[26 26] [8 8] [2 2]
[26 25] [8 8] [2 1]
[26 24] [8 8] [2 0]
[26 24] [8 8] [2 0]
[26 23] [8 8] [ 2 -1]
[26 22] [8 7] [-1  4]
[26 27] [8 8] [2 3]
[26 26] [8 8] [2 2]
[26 25] [8 8] [2 1]
[26 24] [8 8] [2 0]
[26 25] [8 8] [2 1]
[26 24] [8 8] [2 0]
[26 23] [8 8] [ 2 -1]
[26 23] [8 8] [ 2 -1]
[26 22] [8 7] [-1  4]
[26 21] [8 7] [-1  3]
[25 29] [8 9] [ 4 -1]
[25 28] [8 9] [ 4 -2]
[25 27] [8 8] [1 3]
[25 27] [8 8] [1 3]
[25 26] [8 8] [1 2]
[25 25] [8 8] [1 1]
[25 26] [8 8] [1 2]
[25 25] [8 8] [1 1]
[25 24] [8 8] [1 0]
[25 23] [8 7] [-2  5]
[27 26] [8 8] [3 2]
[26 30] [9 9] [-1  3]
[26 29] [9 9] [-1  2]
[26 28] [8 9] [ 5 -2]
[26 27] [8 8] [2 3]
[26 26] [8 8] [2 2]
[26 29] [9 9] [-1  2]
[26 28] [8 9] [ 5 -2]
[26 27] [8 8] [2 3]
[26 26] [8 8] [2 2]
[26 25] [8 8] [2 1]
[25 32] [9 9] [-2  5]
[25 31] [9 9] [-2  4]
[25 30] [8 9] [4 0]
[25 29] [8 9] [ 4 -1]
[25 30] [8 9] [4 0]
[25 29] [8 9] [ 4 -1]
[25 28] [8 9] [ 4 -2]
[25 28] [8 9] [ 4 -2]
[25 27] [8 8] [1 3]
[25 26] [8 8] [1 2]
[26 28] [8 9] [ 5 -2]
[26 27] [8 8] [2 3]
[26 26] [8 8] [2 2]
[26 25] [8 8] [2 1]
[26 24] [8 8] [2 0]
[25 31] [9 9] [-2  4]
[25 30] [8 9] [4 0]
[25 29] [8 9] [ 4 -1]
[25 28] [8 9] [ 4 -2]
[25 29] [8 9] [ 4 -1]
[25 28] [8 9] [ 4 -2]
[25 27] [8 8] [1 3]
[25 27] [8 8] [1 3]
[25 26] [8 8] [1 2]
[25 25] [8 8] [1 1]
[25 30] [8 9] [4 0]
[25 29] [8 9] [ 4 -1]
[25 28] [8 9] [ 4 -2]
[25 27] [8 8] [1 3]
[25 28] [8 9] [ 4 -2]
[25 27] [8 8] [1 3]
[25 26] [8 8] [1 2]
[25 26] [8 8] [1 2]
[25 25] [8 8] [1 1]
[25 24] [8 8] [1 0]
[24 32] [8 9] [3 2]
[24 31] [8 9] [3 1]
[24 30] [8 9] [3 0]
[24 30] [8 9] [3 0]
[24 29] [8 9] [ 3 -1]
[24 28] [8 8] [0 4]
[24 29] [8 9] [ 3 -1]
[24 28] [8 8] [0 4]
[24 27] [8 8] [0 3]
[24 26] [8 8] [0 2]
[26 27] [8 8] [2 3]
[26 26] [8 8] [2 2]
[26 25] [8 8] [2 1]
[26 24] [8 8] [2 0]
[26 23] [8 8] [ 2 -1]
[25 30] [8 9] [4 0]
[25 29] [8 9] [ 4 -1]
[25 28] [8 9] [ 4 -2]
[25 27] [8 8] [1 3]
[25 28] [8 9] [ 4 -2]
[25 27] [8 8] [1 3]
[25 26] [8 8] [1 2]
[25 26] [8 8] [1 2]
[25 25] [8 8] [1 1]
[25 24] [8 8] [1 0]
[25 29] [8 9] [ 4 -1]
[25 28] [8 9] [ 4 -2]
[25 27] [8 8] [1 3]
[25 26] [8 8] [1 2]
[25 27] [8 8] [1 3]
[25 26] [8 8] [1 2]
[25 25] [8 8] [1 1]
[25 25] [8 8] [1 1]
[25 24] [8 8] [1 0]
[25 23] [8 7] [-2  5]
[24 31] [8 9] [3 1]
[24 30] [8 9] [3 0]
[24 29] [8 9] [ 3 -1]
[24 29] [8 9] [ 3 -1]
[24 28] [8 8] [0 4]
[24 27] [8 8] [0 3]
[24 28] [8 8] [0 4]
[24 27] [8 8] [0 3]
[24 26] [8 8] [0 2]
[24 25] [8 8] [0 1]
[25 28] [8 9] [ 4 -2]
[25 27] [8 8] [1 3]
[25 26] [8 8] [1 2]
[25 25] [8 8] [1 1]
[25 26] [8 8] [1 2]
[25 25] [8 8] [1 1]
[25 24] [8 8] [1 0]
[25 24] [8 8] [1 0]
[25 23] [8 7] [-2  5]
[25 22] [8 7] [-2  4]
[24 30] [8 9] [3 0]
[24 29] [8 9] [ 3 -1]
[24 28] [8 8] [0 4]
[24 28] [8 8] [0 4]
[24 27] [8 8] [0 3]
[24 26] [8 8] [0 2]
[24 27] [8 8] [0 3]
[24 26] [8 8] [0 2]
[24 25] [8 8] [0 1]
[24 24] [8 8] [0 0]
[24 29] [8 9] [ 3 -1]
[24 28] [8 8] [0 4]
[24 27] [8 8] [0 3]
[24 27] [8 8] [0 3]
[24 26] [8 8] [0 2]
[24 25] [8 8] [0 1]
[24 26] [8 8] [0 2]
[24 25] [8 8] [0 1]
[24 24] [8 8] [0 0]
[24 23] [7 7] [3 2]
[23 30] [8 9] [2 0]
[23 29] [8 9] [ 2 -1]
[23 28] [8 8] [-1  4]
[23 27] [8 8] [-1  3]
[23 26] [8 8] [-1  2]
[28 25] [9 8] [-2  4]
[28 24] [8 8] [4 0]
[27 28] [9 9] [0 1]
[27 27] [9 9] [0 0]
[27 26] [8 8] [3 2]
[27 25] [8 8] [3 1]
[27 24] [8 8] [3 0]
[28 23] [8 8] [ 4 -1]
[27 27] [9 9] [0 0]
[27 26] [8 8] [3 2]
[27 25] [8 8] [3 1]
[27 24] [8 8] [3 0]
[27 23] [8 8] [ 3 -1]
[27 26] [8 8] [3 2]
[27 25] [8 8] [3 1]
[27 24] [8 8] [3 0]
[27 23] [8 8] [ 3 -1]
[27 22] [8 7] [0 4]
[26 29] [9 9] [-1  2]
[26 28] [8 9] [ 5 -2]
[26 27] [8 8] [2 3]
[26 26] [8 8] [2 2]
[26 27] [8 8] [2 3]
[26 26] [8 8] [2 2]
[26 25] [8 8] [2 1]
[26 25] [8 8] [2 1]
[26 24] [8 8] [2 0]
[26 23] [8 8] [ 2 -1]
[28 22] [8 8] [ 4 -2]
[27 26] [8 8] [3 2]
[27 25] [8 8] [3 1]
[27 24] [8 8] [3 0]
[27 23] [8 8] [ 3 -1]
[27 22] [8 7] [0 4]
[27 25] [8 8] [3 1]
[27 24] [8 8] [3 0]
[27 23] [8 8] [ 3 -1]
[27 22] [8 7] [0 4]
[27 21] [8 7] [0 3]
[26 28] [8 9] [ 5 -2]
[26 27] [8 8] [2 3]
[26 26] [8 8] [2 2]
[26 25] [8 8] [2 1]
[26 26] [8 8] [2 2]
[26 25] [8 8] [2 1]
[26 24] [8 8] [2 0]
[26 24] [8 8] [2 0]
[26 23] [8 8] [ 2 -1]
[26 22] [8 7] [-1  4]
[27 24] [8 8] [3 0]
[27 23] [8 8] [ 3 -1]
[27 22] [8 7] [0 4]
[27 21] [8 7] [0 3]
[27 20] [8 7] [0 2]
[26 27] [8 8] [2 3]
[26 26] [8 8] [2 2]
[26 25] [8 8] [2 1]
[26 24] [8 8] [2 0]
[26 25] [8 8] [2 1]
[26 24] [8 8] [2 0]
[26 23] [8 8] [ 2 -1]
[26 23] [8 8] [ 2 -1]
[26 22] [8 7] [-1  4]
[26 21] [8 7] [-1  3]
[26 26] [8 8] [2 2]
[26 25] [8 8] [2 1]
[26 24] [8 8] [2 0]
[26 23] [8 8] [ 2 -1]
[26 24] [8 8] [2 0]
[26 23] [8 8] [ 2 -1]
[26 22] [8 7] [-1  4]
[26 22] [8 7] [-1  4]
[26 21] [8 7] [-1  3]
[26 20] [8 7] [-1  2]
[25 28] [8 9] [ 4 -2]
[25 27] [8 8] [1 3]
[25 26] [8 8] [1 2]
[25 26] [8 8] [1 2]
[25 25] [8 8] [1 1]
[25 24] [8 8] [1 0]
[25 25] [8 8] [1 1]
[25 24] [8 8] [1 0]
[25 23] [8 7] [-2  5]
[25 22] [8 7] [-2  4]
[27 25] [8 8] [3 1]
[26 29] [9 9] [-1  2]
[26 28] [8 9] [ 5 -2]
[26 27] [8 8] [2 3]
[26 26] [8 8] [2 2]
[26 25] [8 8] [2 1]
[26 28] [8 9] [ 5 -2]
[26 27] [8 8] [2 3]
[26 26] [8 8] [2 2]
[26 25] [8 8] [2 1]
[26 24] [8 8] [2 0]
[25 31] [9 9] [-2  4]
[25 30] [8 9] [4 0]
[25 29] [8 9] [ 4 -1]
[25 28] [8 9] [ 4 -2]
[25 29] [8 9] [ 4 -1]
[25 28] [8 9] [ 4 -2]
[25 27] [8 8] [1 3]
[25 27] [8 8] [1 3]
[25 26] [8 8] [1 2]
[25 25] [8 8] [1 1]
[26 27] [8 8] [2 3]
[26 26] [8 8] [2 2]
[26 25] [8 8] [2 1]
[26 24] [8 8] [2 0]
[26 23] [8 8] [ 2 -1]
[25 30] [8 9] [4 0]
[25 29] [8 9] [ 4 -1]
[25 28] [8 9] [ 4 -2]
[25 27] [8 8] [1 3]
[25 28] [8 9] [ 4 -2]
[25 27] [8 8] [1 3]
[25 26] [8 8] [1 2]
[25 26] [8 8] [1 2]
[25 25] [8 8] [1 1]
[25 24] [8 8] [1 0]
[25 29] [8 9] [ 4 -1]
[25 28] [8 9] [ 4 -2]
[25 27] [8 8] [1 3]
[25 26] [8 8] [1 2]
[25 27] [8 8] [1 3]
[25 26] [8 8] [1 2]
[25 25] [8 8] [1 1]
[25 25] [8 8] [1 1]
[25 24] [8 8] [1 0]
[25 23] [8 7] [-2  5]
[24 31] [8 9] [3 1]
[24 30] [8 9] [3 0]
[24 29] [8 9] [ 3 -1]
[24 29] [8 9] [ 3 -1]
[24 28] [8 8] [0 4]
[24 27] [8 8] [0 3]
[24 28] [8 8] [0 4]
[24 27] [8 8] [0 3]
[24 26] [8 8] [0 2]
[24 25] [8 8] [0 1]
[26 26] [8 8] [2 2]
[26 25] [8 8] [2 1]
[26 24] [8 8] [2 0]
[26 23] [8 8] [ 2 -1]
[26 22] [8 7] [-1  4]
[25 29] [8 9] [ 4 -1]
[25 28] [8 9] [ 4 -2]
[25 27] [8 8] [1 3]
[25 26] [8 8] [1 2]
[25 27] [8 8] [1 3]
[25 26] [8 8] [1 2]
[25 25] [8 8] [1 1]
[25 25] [8 8] [1 1]
[25 24] [8 8] [1 0]
[25 23] [8 7] [-2  5]
[25 28] [8 9] [ 4 -2]
[25 27] [8 8] [1 3]
[25 26] [8 8] [1 2]
[25 25] [8 8] [1 1]
[25 26] [8 8] [1 2]
[25 25] [8 8] [1 1]
[25 24] [8 8] [1 0]
[25 24] [8 8] [1 0]
[25 23] [8 7] [-2  5]
[25 22] [8 7] [-2  4]
[24 30] [8 9] [3 0]
[24 29] [8 9] [ 3 -1]
[24 28] [8 8] [0 4]
[24 28] [8 8] [0 4]
[24 27] [8 8] [0 3]
[24 26] [8 8] [0 2]
[24 27] [8 8] [0 3]
[24 26] [8 8] [0 2]
[24 25] [8 8] [0 1]
[24 24] [8 8] [0 0]
[25 27] [8 8] [1 3]
[25 26] [8 8] [1 2]
[25 25] [8 8] [1 1]
[25 24] [8 8] [1 0]
[25 25] [8 8] [1 1]
[25 24] [8 8] [1 0]
[25 23] [8 7] [-2  5]
[25 23] [8 7] [-2  5]
[25 22] [8 7] [-2  4]
[25 21] [7 7] [4 0]
[24 29] [8 9] [ 3 -1]
[24 28] [8 8] [0 4]
[24 27] [8 8] [0 3]
[24 27] [8 8] [0 3]
[24 26] [8 8] [0 2]
[24 25] [8 8] [0 1]
[24 26] [8 8] [0 2]
[24 25] [8 8] [0 1]
[24 24] [8 8] [0 0]
[24 23] [7 7] [3 2]
[24 28] [8 8] [0 4]
[24 27] [8 8] [0 3]
[24 26] [8 8] [0 2]
[24 26] [8 8] [0 2]
[24 25] [8 8] [0 1]
[24 24] [8 8] [0 0]
[24 25] [8 8] [0 1]
[24 24] [8 8] [0 0]
[24 23] [7 7] [3 2]
[24 22] [7 7] [3 1]
[23 29] [8 9] [ 2 -1]
[23 28] [8 8] [-1  4]
[23 27] [8 8] [-1  3]
[23 26] [8 8] [-1  2]
[23 25] [7 8] [ 5 -2]
[27 24] [8 8] [3 0]
[26 28] [8 9] [ 5 -2]
[26 27] [8 8] [2 3]
[26 26] [8 8] [2 2]
[26 25] [8 8] [2 1]
[26 24] [8 8] [2 0]
[26 27] [8 8] [2 3]
[26 26] [8 8] [2 2]
[26 25] [8 8] [2 1]
[26 24] [8 8] [2 0]
[26 23] [8 8] [ 2 -1]
[25 30] [8 9] [4 0]
[25 29] [8 9] [ 4 -1]
[25 28] [8 9] [ 4 -2]
[25 27] [8 8] [1 3]
[25 28] [8 9] [ 4 -2]
[25 27] [8 8] [1 3]
[25 26] [8 8] [1 2]
[25 26] [8 8] [1 2]
[25 25] [8 8] [1 1]
[25 24] [8 8] [1 0]
[26 26] [8 8] [2 2]
[26 25] [8 8] [2 1]
[26 24] [8 8] [2 0]
[26 23] [8 8] [ 2 -1]
[26 22] [8 7] [-1  4]
[25 29] [8 9] [ 4 -1]
[25 28] [8 9] [ 4 -2]
[25 27] [8 8] [1 3]
[25 26] [8 8] [1 2]
[25 27] [8 8] [1 3]
[25 26] [8 8] [1 2]
[25 25] [8 8] [1 1]
[25 25] [8 8] [1 1]
[25 24] [8 8] [1 0]
[25 23] [8 7] [-2  5]
[25 28] [8 9] [ 4 -2]
[25 27] [8 8] [1 3]
[25 26] [8 8] [1 2]
[25 25] [8 8] [1 1]
[25 26] [8 8] [1 2]
[25 25] [8 8] [1 1]
[25 24] [8 8] [1 0]
[25 24] [8 8] [1 0]
[25 23] [8 7] [-2  5]
[25 22] [8 7] [-2  4]
[24 30] [8 9] [3 0]
[24 29] [8 9] [ 3 -1]
[24 28] [8 8] [0 4]
[24 28] [8 8] [0 4]
[24 27] [8 8] [0 3]
[24 26] [8 8] [0 2]
[24 27] [8 8] [0 3]
[24 26] [8 8] [0 2]
[24 25] [8 8] [0 1]
[24 24] [8 8] [0 0]
[26 25] [8 8] [2 1]
[26 24] [8 8] [2 0]
[26 23] [8 8] [ 2 -1]
[26 22] [8 7] [-1  4]
[26 21] [8 7] [-1  3]
[25 28] [8 9] [ 4 -2]
[25 27] [8 8] [1 3]
[25 26] [8 8] [1 2]
[25 25] [8 8] [1 1]
[25 26] [8 8] [1 2]
[25 25] [8 8] [1 1]
[25 24] [8 8] [1 0]
[25 24] [8 8] [1 0]
[25 23] [8 7] [-2  5]
[25 22] [8 7] [-2  4]
[25 27] [8 8] [1 3]
[25 26] [8 8] [1 2]
[25 25] [8 8] [1 1]
[25 24] [8 8] [1 0]
[25 25] [8 8] [1 1]
[25 24] [8 8] [1 0]
[25 23] [8 7] [-2  5]
[25 23] [8 7] [-2  5]
[25 22] [8 7] [-2  4]
[25 21] [7 7] [4 0]
[24 29] [8 9] [ 3 -1]
[24 28] [8 8] [0 4]
[24 27] [8 8] [0 3]
[24 27] [8 8] [0 3]
[24 26] [8 8] [0 2]
[24 25] [8 8] [0 1]
[24 26] [8 8] [0 2]
[24 25] [8 8] [0 1]
[24 24] [8 8] [0 0]
[24 23] [7 7] [3 2]
[25 26] [8 8] [1 2]
[25 25] [8 8] [1 1]
[25 24] [8 8] [1 0]
[25 23] [8 7] [-2  5]
[25 24] [8 8] [1 0]
[25 23] [8 7] [-2  5]
[25 22] [8 7] [-2  4]
[25 22] [8 7] [-2  4]
[25 21] [7 7] [4 0]
[25 20] [7 7] [ 4 -1]
[24 28] [8 8] [0 4]
[24 27] [8 8] [0 3]
[24 26] [8 8] [0 2]
[24 26] [8 8] [0 2]
[24 25] [8 8] [0 1]
[24 24] [8 8] [0 0]
[24 25] [8 8] [0 1]
[24 24] [8 8] [0 0]
[24 23] [7 7] [3 2]
[24 22] [7 7] [3 1]
[24 27] [8 8] [0 3]
[24 26] [8 8] [0 2]
[24 25] [8 8] [0 1]
[24 25] [8 8] [0 1]
[24 24] [8 8] [0 0]
[24 23] [7 7] [3 2]
[24 24] [8 8] [0 0]
[24 23] [7 7] [3 2]
[24 22] [7 7] [3 1]
[24 21] [7 7] [3 0]
[23 28] [8 8] [-1  4]
[23 27] [8 8] [-1  3]
[23 26] [8 8] [-1  2]
[23 25] [7 8] [ 5 -2]
[23 24] [7 7] [2 3]
[25 28] [8 9] [ 4 -2]
[25 27] [8 8] [1 3]
[25 26] [8 8] [1 2]
[25 25] [8 8] [1 1]
[25 24] [8 8] [1 0]
[24 31] [8 9] [3 1]
[24 30] [8 9] [3 0]
[24 29] [8 9] [ 3 -1]
[24 28] [8 8] [0 4]
[24 29] [8 9] [ 3 -1]
[24 28] [8 8] [0 4]
[24 27] [8 8] [0 3]
[24 27] [8 8] [0 3]
[24 26] [8 8] [0 2]
[24 25] [8 8] [0 1]
[24 30] [8 9] [3 0]
[24 29] [8 9] [ 3 -1]
[24 28] [8 8] [0 4]
[24 27] [8 8] [0 3]
[24 28] [8 8] [0 4]
[24 27] [8 8] [0 3]
[24 26] [8 8] [0 2]
[24 26] [8 8] [0 2]
[24 25] [8 8] [0 1]
[24 24] [8 8] [0 0]
[23 32] [8 9] [2 2]
[23 31] [8 9] [2 1]
[23 30] [8 9] [2 0]
[23 30] [8 9] [2 0]
[23 29] [8 9] [ 2 -1]
[23 28] [8 8] [-1  4]
[23 29] [8 9] [ 2 -1]
[23 28] [8 8] [-1  4]
[23 27] [8 8] [-1  3]
[23 26] [8 8] [-1  2]
[24 29] [8 9] [ 3 -1]
[24 28] [8 8] [0 4]
[24 27] [8 8] [0 3]
[24 26] [8 8] [0 2]
[24 27] [8 8] [0 3]
[24 26] [8 8] [0 2]
[24 25] [8 8] [0 1]
[24 25] [8 8] [0 1]
[24 24] [8 8] [0 0]
[24 23] [7 7] [3 2]
[23 31] [8 9] [2 1]
[23 30] [8 9] [2 0]
[23 29] [8 9] [ 2 -1]
[23 29] [8 9] [ 2 -1]
[23 28] [8 8] [-1  4]
[23 27] [8 8] [-1  3]
[23 28] [8 8] [-1  4]
[23 27] [8 8] [-1  3]
[23 26] [8 8] [-1  2]
[23 25] [7 8] [ 5 -2]
[23 30] [8 9] [2 0]
[23 29] [8 9] [ 2 -1]
[23 28] [8 8] [-1  4]
[23 28] [8 8] [-1  4]
[23 27] [8 8] [-1  3]
[23 26] [8 8] [-1  2]
[23 27] [8 8] [-1  3]
[23 26] [8 8] [-1  2]
[23 25] [7 8] [ 5 -2]
[23 24] [7 7] [2 3]
[22 31] [8 9] [1 1]
[22 30] [8 9] [1 0]
[22 29] [8 8] [-2  5]
[22 28] [8 8] [-2  4]
[22 27] [7 8] [4 0]
[24 28] [8 8] [0 4]
[24 27] [8 8] [0 3]
[24 26] [8 8] [0 2]
[24 25] [8 8] [0 1]
[24 26] [8 8] [0 2]
[24 25] [8 8] [0 1]
[24 24] [8 8] [0 0]
[24 24] [8 8] [0 0]
[24 23] [7 7] [3 2]
[24 22] [7 7] [3 1]
[23 30] [8 9] [2 0]
[23 29] [8 9] [ 2 -1]
[23 28] [8 8] [-1  4]
[23 28] [8 8] [-1  4]
[23 27] [8 8] [-1  3]
[23 26] [8 8] [-1  2]
[23 27] [8 8] [-1  3]
[23 26] [8 8] [-1  2]
[23 25] [7 8] [ 5 -2]
[23 24] [7 7] [2 3]
[23 29] [8 9] [ 2 -1]
[23 28] [8 8] [-1  4]
[23 27] [8 8] [-1  3]
[23 27] [8 8] [-1  3]
[23 26] [8 8] [-1  2]
[23 25] [7 8] [ 5 -2]
[23 26] [8 8] [-1  2]
[23 25] [7 8] [ 5 -2]
[23 24] [7 7] [2 3]
[23 23] [7 7] [2 2]
[22 30] [8 9] [1 0]
[22 29] [8 8] [-2  5]
[22 28] [8 8] [-2  4]
[22 27] [7 8] [4 0]
[22 26] [7 8] [ 4 -1]
[23 28] [8 8] [-1  4]
[23 27] [8 8] [-1  3]
[23 26] [8 8] [-1  2]
[23 26] [8 8] [-1  2]
[23 25] [7 8] [ 5 -2]
[23 24] [7 7] [2 3]
[23 25] [7 8] [ 5 -2]
[23 24] [7 7] [2 3]
[23 23] [7 7] [2 2]
[23 22] [7 7] [2 1]
[22 29] [8 8] [-2  5]
[22 28] [8 8] [-2  4]
[22 27] [7 8] [4 0]
[22 26] [7 8] [ 4 -1]
[22 25] [7 8] [ 4 -2]
[22 28] [8 8] [-2  4]
[22 27] [7 8] [4 0]
[22 26] [7 8] [ 4 -1]
[22 25] [7 8] [ 4 -2]
[22 24] [7 7] [1 3]
[21 28] [7 8] [3 1]
[28 24] [8 8] [4 0]
[28 23] [8 8] [ 4 -1]
[27 27] [9 9] [0 0]
[27 26] [8 8] [3 2]
[27 25] [8 8] [3 1]
[27 24] [8 8] [3 0]
[27 23] [8 8] [ 3 -1]
[28 22] [8 8] [ 4 -2]
[27 26] [8 8] [3 2]
[27 25] [8 8] [3 1]
[27 24] [8 8] [3 0]
[27 23] [8 8] [ 3 -1]
[27 22] [8 7] [0 4]
[27 25] [8 8] [3 1]
[27 24] [8 8] [3 0]
[27 23] [8 8] [ 3 -1]
[27 22] [8 7] [0 4]
[27 21] [8 7] [0 3]
[26 28] [8 9] [ 5 -2]
[26 27] [8 8] [2 3]
[26 26] [8 8] [2 2]
[26 25] [8 8] [2 1]
[26 26] [8 8] [2 2]
[26 25] [8 8] [2 1]
[26 24] [8 8] [2 0]
[26 24] [8 8] [2 0]
[26 23] [8 8] [ 2 -1]
[26 22] [8 7] [-1  4]
[28 21] [8 7] [1 3]
[27 25] [8 8] [3 1]
[27 24] [8 8] [3 0]
[27 23] [8 8] [ 3 -1]
[27 22] [8 7] [0 4]
[27 21] [8 7] [0 3]
[27 24] [8 8] [3 0]
[27 23] [8 8] [ 3 -1]
[27 22] [8 7] [0 4]
[27 21] [8 7] [0 3]
[27 20] [8 7] [0 2]
[26 27] [8 8] [2 3]
[26 26] [8 8] [2 2]
[26 25] [8 8] [2 1]
[26 24] [8 8] [2 0]
[26 25] [8 8] [2 1]
[26 24] [8 8] [2 0]
[26 23] [8 8] [ 2 -1]
[26 23] [8 8] [ 2 -1]
[26 22] [8 7] [-1  4]
[26 21] [8 7] [-1  3]
[27 23] [8 8] [ 3 -1]
[27 22] [8 7] [0 4]
[27 21] [8 7] [0 3]
[27 20] [8 7] [0 2]
[27 19] [8 7] [0 1]
[26 26] [8 8] [2 2]
[26 25] [8 8] [2 1]
[26 24] [8 8] [2 0]
[26 23] [8 8] [ 2 -1]
[26 24] [8 8] [2 0]
[26 23] [8 8] [ 2 -1]
[26 22] [8 7] [-1  4]
[26 22] [8 7] [-1  4]
[26 21] [8 7] [-1  3]
[26 20] [8 7] [-1  2]
[26 25] [8 8] [2 1]
[26 24] [8 8] [2 0]
[26 23] [8 8] [ 2 -1]
[26 22] [8 7] [-1  4]
[26 23] [8 8] [ 2 -1]
[26 22] [8 7] [-1  4]
[26 21] [8 7] [-1  3]
[26 21] [8 7] [-1  3]
[26 20] [8 7] [-1  2]
[26 19] [7 7] [ 5 -2]
[25 27] [8 8] [1 3]
[25 26] [8 8] [1 2]
[25 25] [8 8] [1 1]
[25 25] [8 8] [1 1]
[25 24] [8 8] [1 0]
[25 23] [8 7] [-2  5]
[25 24] [8 8] [1 0]
[25 23] [8 7] [-2  5]
[25 22] [8 7] [-2  4]
[25 21] [7 7] [4 0]
[27 24] [8 8] [3 0]
[26 28] [8 9] [ 5 -2]
[26 27] [8 8] [2 3]
[26 26] [8 8] [2 2]
[26 25] [8 8] [2 1]
[26 24] [8 8] [2 0]
[26 27] [8 8] [2 3]
[26 26] [8 8] [2 2]
[26 25] [8 8] [2 1]
[26 24] [8 8] [2 0]
[26 23] [8 8] [ 2 -1]
[25 30] [8 9] [4 0]
[25 29] [8 9] [ 4 -1]
[25 28] [8 9] [ 4 -2]
[25 27] [8 8] [1 3]
[25 28] [8 9] [ 4 -2]
[25 27] [8 8] [1 3]
[25 26] [8 8] [1 2]
[25 26] [8 8] [1 2]
[25 25] [8 8] [1 1]
[25 24] [8 8] [1 0]
[26 26] [8 8] [2 2]
[26 25] [8 8] [2 1]
[26 24] [8 8] [2 0]
[26 23] [8 8] [ 2 -1]
[26 22] [8 7] [-1  4]
[25 29] [8 9] [ 4 -1]
[25 28] [8 9] [ 4 -2]
[25 27] [8 8] [1 3]
[25 26] [8 8] [1 2]
[25 27] [8 8] [1 3]
[25 26] [8 8] [1 2]
[25 25] [8 8] [1 1]
[25 25] [8 8] [1 1]
[25 24] [8 8] [1 0]
[25 23] [8 7] [-2  5]
[25 28] [8 9] [ 4 -2]
[25 27] [8 8] [1 3]
[25 26] [8 8] [1 2]
[25 25] [8 8] [1 1]
[25 26] [8 8] [1 2]
[25 25] [8 8] [1 1]
[25 24] [8 8] [1 0]
[25 24] [8 8] [1 0]
[25 23] [8 7] [-2  5]
[25 22] [8 7] [-2  4]
[24 30] [8 9] [3 0]
[24 29] [8 9] [ 3 -1]
[24 28] [8 8] [0 4]
[24 28] [8 8] [0 4]
[24 27] [8 8] [0 3]
[24 26] [8 8] [0 2]
[24 27] [8 8] [0 3]
[24 26] [8 8] [0 2]
[24 25] [8 8] [0 1]
[24 24] [8 8] [0 0]
[26 25] [8 8] [2 1]
[26 24] [8 8] [2 0]
[26 23] [8 8] [ 2 -1]
[26 22] [8 7] [-1  4]
[26 21] [8 7] [-1  3]
[25 28] [8 9] [ 4 -2]
[25 27] [8 8] [1 3]
[25 26] [8 8] [1 2]
[25 25] [8 8] [1 1]
[25 26] [8 8] [1 2]
[25 25] [8 8] [1 1]
[25 24] [8 8] [1 0]
[25 24] [8 8] [1 0]
[25 23] [8 7] [-2  5]
[25 22] [8 7] [-2  4]
[25 27] [8 8] [1 3]
[25 26] [8 8] [1 2]
[25 25] [8 8] [1 1]
[25 24] [8 8] [1 0]
[25 25] [8 8] [1 1]
[25 24] [8 8] [1 0]
[25 23] [8 7] [-2  5]
[25 23] [8 7] [-2  5]
[25 22] [8 7] [-2  4]
[25 21] [7 7] [4 0]
[24 29] [8 9] [ 3 -1]
[24 28] [8 8] [0 4]
[24 27] [8 8] [0 3]
[24 27] [8 8] [0 3]
[24 26] [8 8] [0 2]
[24 25] [8 8] [0 1]
[24 26] [8 8] [0 2]
[24 25] [8 8] [0 1]
[24 24] [8 8] [0 0]
[24 23] [7 7] [3 2]
[25 26] [8 8] [1 2]
[25 25] [8 8] [1 1]
[25 24] [8 8] [1 0]
[25 23] [8 7] [-2  5]
[25 24] [8 8] [1 0]
[25 23] [8 7] [-2  5]
[25 22] [8 7] [-2  4]
[25 22] [8 7] [-2  4]
[25 21] [7 7] [4 0]
[25 20] [7 7] [ 4 -1]
[24 28] [8 8] [0 4]
[24 27] [8 8] [0 3]
[24 26] [8 8] [0 2]
[24 26] [8 8] [0 2]
[24 25] [8 8] [0 1]
[24 24] [8 8] [0 0]
[24 25] [8 8] [0 1]
[24 24] [8 8] [0 0]
[24 23] [7 7] [3 2]
[24 22] [7 7] [3 1]
[24 27] [8 8] [0 3]
[24 26] [8 8] [0 2]
[24 25] [8 8] [0 1]
[24 25] [8 8] [0 1]
[24 24] [8 8] [0 0]
[24 23] [7 7] [3 2]
[24 24] [8 8] [0 0]
[24 23] [7 7] [3 2]
[24 22] [7 7] [3 1]
[24 21] [7 7] [3 0]
[23 28] [8 8] [-1  4]
[23 27] [8 8] [-1  3]
[23 26] [8 8] [-1  2]
[23 25] [7 8] [ 5 -2]
[23 24] [7 7] [2 3]
[27 23] [8 8] [ 3 -1]
[26 27] [8 8] [2 3]
[26 26] [8 8] [2 2]
[26 25] [8 8] [2 1]
[26 24] [8 8] [2 0]
[26 23] [8 8] [ 2 -1]
[26 26] [8 8] [2 2]
[26 25] [8 8] [2 1]
[26 24] [8 8] [2 0]
[26 23] [8 8] [ 2 -1]
[26 22] [8 7] [-1  4]
[25 29] [8 9] [ 4 -1]
[25 28] [8 9] [ 4 -2]
[25 27] [8 8] [1 3]
[25 26] [8 8] [1 2]
[25 27] [8 8] [1 3]
[25 26] [8 8] [1 2]
[25 25] [8 8] [1 1]
[25 25] [8 8] [1 1]
[25 24] [8 8] [1 0]
[25 23] [8 7] [-2  5]
[26 25] [8 8] [2 1]
[26 24] [8 8] [2 0]
[26 23] [8 8] [ 2 -1]
[26 22] [8 7] [-1  4]
[26 21] [8 7] [-1  3]
[25 28] [8 9] [ 4 -2]
[25 27] [8 8] [1 3]
[25 26] [8 8] [1 2]
[25 25] [8 8] [1 1]
[25 26] [8 8] [1 2]
[25 25] [8 8] [1 1]
[25 24] [8 8] [1 0]
[25 24] [8 8] [1 0]
[25 23] [8 7] [-2  5]
[25 22] [8 7] [-2  4]
[25 27] [8 8] [1 3]
[25 26] [8 8] [1 2]
[25 25] [8 8] [1 1]
[25 24] [8 8] [1 0]
[25 25] [8 8] [1 1]
[25 24] [8 8] [1 0]
[25 23] [8 7] [-2  5]
[25 23] [8 7] [-2  5]
[25 22] [8 7] [-2  4]
[25 21] [7 7] [4 0]
[24 29] [8 9] [ 3 -1]
[24 28] [8 8] [0 4]
[24 27] [8 8] [0 3]
[24 27] [8 8] [0 3]
[24 26] [8 8] [0 2]
[24 25] [8 8] [0 1]
[24 26] [8 8] [0 2]
[24 25] [8 8] [0 1]
[24 24] [8 8] [0 0]
[24 23] [7 7] [3 2]
[26 24] [8 8] [2 0]
[26 23] [8 8] [ 2 -1]
[26 22] [8 7] [-1  4]
[26 21] [8 7] [-1  3]
[26 20] [8 7] [-1  2]
[25 27] [8 8] [1 3]
[25 26] [8 8] [1 2]
[25 25] [8 8] [1 1]
[25 24] [8 8] [1 0]
[25 25] [8 8] [1 1]
[25 24] [8 8] [1 0]
[25 23] [8 7] [-2  5]
[25 23] [8 7] [-2  5]
[25 22] [8 7] [-2  4]
[25 21] [7 7] [4 0]
[25 26] [8 8] [1 2]
[25 25] [8 8] [1 1]
[25 24] [8 8] [1 0]
[25 23] [8 7] [-2  5]
[25 24] [8 8] [1 0]
[25 23] [8 7] [-2  5]
[25 22] [8 7] [-2  4]
[25 22] [8 7] [-2  4]
[25 21] [7 7] [4 0]
[25 20] [7 7] [ 4 -1]
[24 28] [8 8] [0 4]
[24 27] [8 8] [0 3]
[24 26] [8 8] [0 2]
[24 26] [8 8] [0 2]
[24 25] [8 8] [0 1]
[24 24] [8 8] [0 0]
[24 25] [8 8] [0 1]
[24 24] [8 8] [0 0]
[24 23] [7 7] [3 2]
[24 22] [7 7] [3 1]
[25 25] [8 8] [1 1]
[25 24] [8 8] [1 0]
[25 23] [8 7] [-2  5]
[25 22] [8 7] [-2  4]
[25 23] [8 7] [-2  5]
[25 22] [8 7] [-2  4]
[25 21] [7 7] [4 0]
[25 21] [7 7] [4 0]
[25 20] [7 7] [ 4 -1]
[25 19] [7 7] [ 4 -2]
[24 27] [8 8] [0 3]
[24 26] [8 8] [0 2]
[24 25] [8 8] [0 1]
[24 25] [8 8] [0 1]
[24 24] [8 8] [0 0]
[24 23] [7 7] [3 2]
[24 24] [8 8] [0 0]
[24 23] [7 7] [3 2]
[24 22] [7 7] [3 1]
[24 21] [7 7] [3 0]
[24 26] [8 8] [0 2]
[24 25] [8 8] [0 1]
[24 24] [8 8] [0 0]
[24 24] [8 8] [0 0]
[24 23] [7 7] [3 2]
[24 22] [7 7] [3 1]
[24 23] [7 7] [3 2]
[24 22] [7 7] [3 1]
[24 21] [7 7] [3 0]
[24 20] [7 7] [ 3 -1]
[23 27] [8 8] [-1  3]
[23 26] [8 8] [-1  2]
[23 25] [7 8] [ 5 -2]
[23 24] [7 7] [2 3]
[23 23] [7 7] [2 2]
[25 27] [8 8] [1 3]
[25 26] [8 8] [1 2]
[25 25] [8 8] [1 1]
[25 24] [8 8] [1 0]
[25 23] [8 7] [-2  5]
[24 30] [8 9] [3 0]
[24 29] [8 9] [ 3 -1]
[24 28] [8 8] [0 4]
[24 27] [8 8] [0 3]
[24 28] [8 8] [0 4]
[24 27] [8 8] [0 3]
[24 26] [8 8] [0 2]
[24 26] [8 8] [0 2]
[24 25] [8 8] [0 1]
[24 24] [8 8] [0 0]
[24 29] [8 9] [ 3 -1]
[24 28] [8 8] [0 4]
[24 27] [8 8] [0 3]
[24 26] [8 8] [0 2]
[24 27] [8 8] [0 3]
[24 26] [8 8] [0 2]
[24 25] [8 8] [0 1]
[24 25] [8 8] [0 1]
[24 24] [8 8] [0 0]
[24 23] [7 7] [3 2]
[23 31] [8 9] [2 1]
[23 30] [8 9] [2 0]
[23 29] [8 9] [ 2 -1]
[23 29] [8 9] [ 2 -1]
[23 28] [8 8] [-1  4]
[23 27] [8 8] [-1  3]
[23 28] [8 8] [-1  4]
[23 27] [8 8] [-1  3]
[23 26] [8 8] [-1  2]
[23 25] [7 8] [ 5 -2]
[24 28] [8 8] [0 4]
[24 27] [8 8] [0 3]
[24 26] [8 8] [0 2]
[24 25] [8 8] [0 1]
[24 26] [8 8] [0 2]
[24 25] [8 8] [0 1]
[24 24] [8 8] [0 0]
[24 24] [8 8] [0 0]
[24 23] [7 7] [3 2]
[24 22] [7 7] [3 1]
[23 30] [8 9] [2 0]
[23 29] [8 9] [ 2 -1]
[23 28] [8 8] [-1  4]
[23 28] [8 8] [-1  4]
[23 27] [8 8] [-1  3]
[23 26] [8 8] [-1  2]
[23 27] [8 8] [-1  3]
[23 26] [8 8] [-1  2]
[23 25] [7 8] [ 5 -2]
[23 24] [7 7] [2 3]
[23 29] [8 9] [ 2 -1]
[23 28] [8 8] [-1  4]
[23 27] [8 8] [-1  3]
[23 27] [8 8] [-1  3]
[23 26] [8 8] [-1  2]
[23 25] [7 8] [ 5 -2]
[23 26] [8 8] [-1  2]
[23 25] [7 8] [ 5 -2]
[23 24] [7 7] [2 3]
[23 23] [7 7] [2 2]
[22 30] [8 9] [1 0]
[22 29] [8 8] [-2  5]
[22 28] [8 8] [-2  4]
[22 27] [7 8] [4 0]
[22 26] [7 8] [ 4 -1]
[24 27] [8 8] [0 3]
[24 26] [8 8] [0 2]
[24 25] [8 8] [0 1]
[24 24] [8 8] [0 0]
[24 25] [8 8] [0 1]
[24 24] [8 8] [0 0]
[24 23] [7 7] [3 2]
[24 23] [7 7] [3 2]
[24 22] [7 7] [3 1]
[24 21] [7 7] [3 0]
[23 29] [8 9] [ 2 -1]
[23 28] [8 8] [-1  4]
[23 27] [8 8] [-1  3]
[23 27] [8 8] [-1  3]
[23 26] [8 8] [-1  2]
[23 25] [7 8] [ 5 -2]
[23 26] [8 8] [-1  2]
[23 25] [7 8] [ 5 -2]
[23 24] [7 7] [2 3]
[23 23] [7 7] [2 2]
[23 28] [8 8] [-1  4]
[23 27] [8 8] [-1  3]
[23 26] [8 8] [-1  2]
[23 26] [8 8] [-1  2]
[23 25] [7 8] [ 5 -2]
[23 24] [7 7] [2 3]
[23 25] [7 8] [ 5 -2]
[23 24] [7 7] [2 3]
[23 23] [7 7] [2 2]
[23 22] [7 7] [2 1]
[22 29] [8 8] [-2  5]
[22 28] [8 8] [-2  4]
[22 27] [7 8] [4 0]
[22 26] [7 8] [ 4 -1]
[22 25] [7 8] [ 4 -2]
[23 27] [8 8] [-1  3]
[23 26] [8 8] [-1  2]
[23 25] [7 8] [ 5 -2]
[23 25] [7 8] [ 5 -2]
[23 24] [7 7] [2 3]
[23 23] [7 7] [2 2]
[23 24] [7 7] [2 3]
[23 23] [7 7] [2 2]
[23 22] [7 7] [2 1]
[23 21] [7 7] [2 0]
[22 28] [8 8] [-2  4]
[22 27] [7 8] [4 0]
[22 26] [7 8] [ 4 -1]
[22 25] [7 8] [ 4 -2]
[22 24] [7 7] [1 3]
[22 27] [7 8] [4 0]
[22 26] [7 8] [ 4 -1]
[22 25] [7 8] [ 4 -2]
[22 24] [7 7] [1 3]
[22 23] [7 7] [1 2]
[21 27] [7 8] [3 0]
[27 22] [8 7] [0 4]
[26 26] [8 8] [2 2]
[26 25] [8 8] [2 1]
[26 24] [8 8] [2 0]
[26 23] [8 8] [ 2 -1]
[26 22] [8 7] [-1  4]
[26 25] [8 8] [2 1]
[26 24] [8 8] [2 0]
[26 23] [8 8] [ 2 -1]
[26 22] [8 7] [-1  4]
[26 21] [8 7] [-1  3]
[25 28] [8 9] [ 4 -2]
[25 27] [8 8] [1 3]
[25 26] [8 8] [1 2]
[25 25] [8 8] [1 1]
[25 26] [8 8] [1 2]
[25 25] [8 8] [1 1]
[25 24] [8 8] [1 0]
[25 24] [8 8] [1 0]
[25 23] [8 7] [-2  5]
[25 22] [8 7] [-2  4]
[26 24] [8 8] [2 0]
[26 23] [8 8] [ 2 -1]
[26 22] [8 7] [-1  4]
[26 21] [8 7] [-1  3]
[26 20] [8 7] [-1  2]
[25 27] [8 8] [1 3]
[25 26] [8 8] [1 2]
[25 25] [8 8] [1 1]
[25 24] [8 8] [1 0]
[25 25] [8 8] [1 1]
[25 24] [8 8] [1 0]
[25 23] [8 7] [-2  5]
[25 23] [8 7] [-2  5]
[25 22] [8 7] [-2  4]
[25 21] [7 7] [4 0]
[25 26] [8 8] [1 2]
[25 25] [8 8] [1 1]
[25 24] [8 8] [1 0]
[25 23] [8 7] [-2  5]
[25 24] [8 8] [1 0]
[25 23] [8 7] [-2  5]
[25 22] [8 7] [-2  4]
[25 22] [8 7] [-2  4]
[25 21] [7 7] [4 0]
[25 20] [7 7] [ 4 -1]
[24 28] [8 8] [0 4]
[24 27] [8 8] [0 3]
[24 26] [8 8] [0 2]
[24 26] [8 8] [0 2]
[24 25] [8 8] [0 1]
[24 24] [8 8] [0 0]
[24 25] [8 8] [0 1]
[24 24] [8 8] [0 0]
[24 23] [7 7] [3 2]
[24 22] [7 7] [3 1]
[26 23] [8 8] [ 2 -1]
[26 22] [8 7] [-1  4]
[26 21] [8 7] [-1  3]
[26 20] [8 7] [-1  2]
[26 19] [7 7] [ 5 -2]
[25 26] [8 8] [1 2]
[25 25] [8 8] [1 1]
[25 24] [8 8] [1 0]
[25 23] [8 7] [-2  5]
[25 24] [8 8] [1 0]
[25 23] [8 7] [-2  5]
[25 22] [8 7] [-2  4]
[25 22] [8 7] [-2  4]
[25 21] [7 7] [4 0]
[25 20] [7 7] [ 4 -1]
[25 25] [8 8] [1 1]
[25 24] [8 8] [1 0]
[25 23] [8 7] [-2  5]
[25 22] [8 7] [-2  4]
[25 23] [8 7] [-2  5]
[25 22] [8 7] [-2  4]
[25 21] [7 7] [4 0]
[25 21] [7 7] [4 0]
[25 20] [7 7] [ 4 -1]
[25 19] [7 7] [ 4 -2]
[24 27] [8 8] [0 3]
[24 26] [8 8] [0 2]
[24 25] [8 8] [0 1]
[24 25] [8 8] [0 1]
[24 24] [8 8] [0 0]
[24 23] [7 7] [3 2]
[24 24] [8 8] [0 0]
[24 23] [7 7] [3 2]
[24 22] [7 7] [3 1]
[24 21] [7 7] [3 0]
[25 24] [8 8] [1 0]
[25 23] [8 7] [-2  5]
[25 22] [8 7] [-2  4]
[25 21] [7 7] [4 0]
[25 22] [8 7] [-2  4]
[25 21] [7 7] [4 0]
[25 20] [7 7] [ 4 -1]
[25 20] [7 7] [ 4 -1]
[25 19] [7 7] [ 4 -2]
[25 18] [7 6] [1 3]
[24 26] [8 8] [0 2]
[24 25] [8 8] [0 1]
[24 24] [8 8] [0 0]
[24 24] [8 8] [0 0]
[24 23] [7 7] [3 2]
[24 22] [7 7] [3 1]
[24 23] [7 7] [3 2]
[24 22] [7 7] [3 1]
[24 21] [7 7] [3 0]
[24 20] [7 7] [ 3 -1]
[24 25] [8 8] [0 1]
[24 24] [8 8] [0 0]
[24 23] [7 7] [3 2]
[24 23] [7 7] [3 2]
[24 22] [7 7] [3 1]
[24 21] [7 7] [3 0]
[24 22] [7 7] [3 1]
[24 21] [7 7] [3 0]
[24 20] [7 7] [ 3 -1]
[24 19] [7 6] [0 4]
[23 26] [8 8] [-1  2]
[23 25] [7 8] [ 5 -2]
[23 24] [7 7] [2 3]
[23 23] [7 7] [2 2]
[23 22] [7 7] [2 1]
[25 26] [8 8] [1 2]
[25 25] [8 8] [1 1]
[25 24] [8 8] [1 0]
[25 23] [8 7] [-2  5]
[25 22] [8 7] [-2  4]
[24 29] [8 9] [ 3 -1]
[24 28] [8 8] [0 4]
[24 27] [8 8] [0 3]
[24 26] [8 8] [0 2]
[24 27] [8 8] [0 3]
[24 26] [8 8] [0 2]
[24 25] [8 8] [0 1]
[24 25] [8 8] [0 1]
[24 24] [8 8] [0 0]
[24 23] [7 7] [3 2]
[24 28] [8 8] [0 4]
[24 27] [8 8] [0 3]
[24 26] [8 8] [0 2]
[24 25] [8 8] [0 1]
[24 26] [8 8] [0 2]
[24 25] [8 8] [0 1]
[24 24] [8 8] [0 0]
[24 24] [8 8] [0 0]
[24 23] [7 7] [3 2]
[24 22] [7 7] [3 1]
[23 30] [8 9] [2 0]
[23 29] [8 9] [ 2 -1]
[23 28] [8 8] [-1  4]
[23 28] [8 8] [-1  4]
[23 27] [8 8] [-1  3]
[23 26] [8 8] [-1  2]
[23 27] [8 8] [-1  3]
[23 26] [8 8] [-1  2]
[23 25] [7 8] [ 5 -2]
[23 24] [7 7] [2 3]
[24 27] [8 8] [0 3]
[24 26] [8 8] [0 2]
[24 25] [8 8] [0 1]
[24 24] [8 8] [0 0]
[24 25] [8 8] [0 1]
[24 24] [8 8] [0 0]
[24 23] [7 7] [3 2]
[24 23] [7 7] [3 2]
[24 22] [7 7] [3 1]
[24 21] [7 7] [3 0]
[23 29] [8 9] [ 2 -1]
[23 28] [8 8] [-1  4]
[23 27] [8 8] [-1  3]
[23 27] [8 8] [-1  3]
[23 26] [8 8] [-1  2]
[23 25] [7 8] [ 5 -2]
[23 26] [8 8] [-1  2]
[23 25] [7 8] [ 5 -2]
[23 24] [7 7] [2 3]
[23 23] [7 7] [2 2]
[23 28] [8 8] [-1  4]
[23 27] [8 8] [-1  3]
[23 26] [8 8] [-1  2]
[23 26] [8 8] [-1  2]
[23 25] [7 8] [ 5 -2]
[23 24] [7 7] [2 3]
[23 25] [7 8] [ 5 -2]
[23 24] [7 7] [2 3]
[23 23] [7 7] [2 2]
[23 22] [7 7] [2 1]
[22 29] [8 8] [-2  5]
[22 28] [8 8] [-2  4]
[22 27] [7 8] [4 0]
[22 26] [7 8] [ 4 -1]
[22 25] [7 8] [ 4 -2]
[24 26] [8 8] [0 2]
[24 25] [8 8] [0 1]
[24 24] [8 8] [0 0]
[24 23] [7 7] [3 2]
[24 24] [8 8] [0 0]
[24 23] [7 7] [3 2]
[24 22] [7 7] [3 1]
[24 22] [7 7] [3 1]
[24 21] [7 7] [3 0]
[24 20] [7 7] [ 3 -1]
[23 28] [8 8] [-1  4]
[23 27] [8 8] [-1  3]
[23 26] [8 8] [-1  2]
[23 26] [8 8] [-1  2]
[23 25] [7 8] [ 5 -2]
[23 24] [7 7] [2 3]
[23 25] [7 8] [ 5 -2]
[23 24] [7 7] [2 3]
[23 23] [7 7] [2 2]
[23 22] [7 7] [2 1]
[23 27] [8 8] [-1  3]
[23 26] [8 8] [-1  2]
[23 25] [7 8] [ 5 -2]
[23 25] [7 8] [ 5 -2]
[23 24] [7 7] [2 3]
[23 23] [7 7] [2 2]
[23 24] [7 7] [2 3]
[23 23] [7 7] [2 2]
[23 22] [7 7] [2 1]
[23 21] [7 7] [2 0]
[22 28] [8 8] [-2  4]
[22 27] [7 8] [4 0]
[22 26] [7 8] [ 4 -1]
[22 25] [7 8] [ 4 -2]
[22 24] [7 7] [1 3]
[23 26] [8 8] [-1  2]
[23 25] [7 8] [ 5 -2]
[23 24] [7 7] [2 3]
[23 24] [7 7] [2 3]
[23 23] [7 7] [2 2]
[23 22] [7 7] [2 1]
[23 23] [7 7] [2 2]
[23 22] [7 7] [2 1]
[23 21] [7 7] [2 0]
[23 20] [7 7] [ 2 -1]
[22 27] [7 8] [4 0]
[22 26] [7 8] [ 4 -1]
[22 25] [7 8] [ 4 -2]
[22 24] [7 7] [1 3]
[22 23] [7 7] [1 2]
[22 26] [7 8] [ 4 -1]
[22 25] [7 8] [ 4 -2]
[22 24] [7 7] [1 3]
[22 23] [7 7] [1 2]
[22 22] [7 7] [1 1]
[21 26] [7 8] [ 3 -1]
[25 25] [8 8] [1 1]
[25 24] [8 8] [1 0]
[25 23] [8 7] [-2  5]
[25 22] [8 7] [-2  4]
[25 21] [7 7] [4 0]
[24 28] [8 8] [0 4]
[24 27] [8 8] [0 3]
[24 26] [8 8] [0 2]
[24 25] [8 8] [0 1]
[24 26] [8 8] [0 2]
[24 25] [8 8] [0 1]
[24 24] [8 8] [0 0]
[24 24] [8 8] [0 0]
[24 23] [7 7] [3 2]
[24 22] [7 7] [3 1]
[24 27] [8 8] [0 3]
[24 26] [8 8] [0 2]
[24 25] [8 8] [0 1]
[24 24] [8 8] [0 0]
[24 25] [8 8] [0 1]
[24 24] [8 8] [0 0]
[24 23] [7 7] [3 2]
[24 23] [7 7] [3 2]
[24 22] [7 7] [3 1]
[24 21] [7 7] [3 0]
[23 29] [8 9] [ 2 -1]
[23 28] [8 8] [-1  4]
[23 27] [8 8] [-1  3]
[23 27] [8 8] [-1  3]
[23 26] [8 8] [-1  2]
[23 25] [7 8] [ 5 -2]
[23 26] [8 8] [-1  2]
[23 25] [7 8] [ 5 -2]
[23 24] [7 7] [2 3]
[23 23] [7 7] [2 2]
[24 26] [8 8] [0 2]
[24 25] [8 8] [0 1]
[24 24] [8 8] [0 0]
[24 23] [7 7] [3 2]
[24 24] [8 8] [0 0]
[24 23] [7 7] [3 2]
[24 22] [7 7] [3 1]
[24 22] [7 7] [3 1]
[24 21] [7 7] [3 0]
[24 20] [7 7] [ 3 -1]
[23 28] [8 8] [-1  4]
[23 27] [8 8] [-1  3]
[23 26] [8 8] [-1  2]
[23 26] [8 8] [-1  2]
[23 25] [7 8] [ 5 -2]
[23 24] [7 7] [2 3]
[23 25] [7 8] [ 5 -2]
[23 24] [7 7] [2 3]
[23 23] [7 7] [2 2]
[23 22] [7 7] [2 1]
[23 27] [8 8] [-1  3]
[23 26] [8 8] [-1  2]
[23 25] [7 8] [ 5 -2]
[23 25] [7 8] [ 5 -2]
[23 24] [7 7] [2 3]
[23 23] [7 7] [2 2]
[23 24] [7 7] [2 3]
[23 23] [7 7] [2 2]
[23 22] [7 7] [2 1]
[23 21] [7 7] [2 0]
[22 28] [8 8] [-2  4]
[22 27] [7 8] [4 0]
[22 26] [7 8] [ 4 -1]
[22 25] [7 8] [ 4 -2]
[22 24] [7 7] [1 3]
[24 25] [8 8] [0 1]
[24 24] [8 8] [0 0]
[24 23] [7 7] [3 2]
[24 22] [7 7] [3 1]
[24 23] [7 7] [3 2]
[24 22] [7 7] [3 1]
[24 21] [7 7] [3 0]
[24 21] [7 7] [3 0]
[24 20] [7 7] [ 3 -1]
[24 19] [7 6] [0 4]
[23 27] [8 8] [-1  3]
[23 26] [8 8] [-1  2]
[23 25] [7 8] [ 5 -2]
[23 25] [7 8] [ 5 -2]
[23 24] [7 7] [2 3]
[23 23] [7 7] [2 2]
[23 24] [7 7] [2 3]
[23 23] [7 7] [2 2]
[23 22] [7 7] [2 1]
[23 21] [7 7] [2 0]
[23 26] [8 8] [-1  2]
[23 25] [7 8] [ 5 -2]
[23 24] [7 7] [2 3]
[23 24] [7 7] [2 3]
[23 23] [7 7] [2 2]
[23 22] [7 7] [2 1]
[23 23] [7 7] [2 2]
[23 22] [7 7] [2 1]
[23 21] [7 7] [2 0]
[23 20] [7 7] [ 2 -1]
[22 27] [7 8] [4 0]
[22 26] [7 8] [ 4 -1]
[22 25] [7 8] [ 4 -2]
[22 24] [7 7] [1 3]
[22 23] [7 7] [1 2]
[23 25] [7 8] [ 5 -2]
[23 24] [7 7] [2 3]
[23 23] [7 7] [2 2]
[23 23] [7 7] [2 2]
[23 22] [7 7] [2 1]
[23 21] [7 7] [2 0]
[23 22] [7 7] [2 1]
[23 21] [7 7] [2 0]
[23 20] [7 7] [ 2 -1]
[23 19] [7 6] [-1  4]
[22 26] [7 8] [ 4 -1]
[22 25] [7 8] [ 4 -2]
[22 24] [7 7] [1 3]
[22 23] [7 7] [1 2]
[22 22] [7 7] [1 1]
[22 25] [7 8] [ 4 -2]
[22 24] [7 7] [1 3]
[22 23] [7 7] [1 2]
[22 22] [7 7] [1 1]
[22 21] [7 7] [1 0]
[21 25] [7 7] [0 4]
[23 28] [8 8] [-1  4]
[23 27] [8 8] [-1  3]
[23 26] [8 8] [-1  2]
[23 25] [7 8] [ 5 -2]
[23 26] [8 8] [-1  2]
[23 25] [7 8] [ 5 -2]
[23 24] [7 7] [2 3]
[23 24] [7 7] [2 3]
[23 23] [7 7] [2 2]
[23 22] [7 7] [2 1]
[22 30] [8 9] [1 0]
[22 29] [8 8] [-2  5]
[22 28] [8 8] [-2  4]
[22 28] [8 8] [-2  4]
[22 27] [7 8] [4 0]
[22 26] [7 8] [ 4 -1]
[22 27] [7 8] [4 0]
[22 26] [7 8] [ 4 -1]
[22 25] [7 8] [ 4 -2]
[22 24] [7 7] [1 3]
[22 29] [8 8] [-2  5]
[22 28] [8 8] [-2  4]
[22 27] [7 8] [4 0]
[22 27] [7 8] [4 0]
[22 26] [7 8] [ 4 -1]
[22 25] [7 8] [ 4 -2]
[22 26] [7 8] [ 4 -1]
[22 25] [7 8] [ 4 -2]
[22 24] [7 7] [1 3]
[22 23] [7 7] [1 2]
[21 30] [8 9] [0 0]
[21 29] [7 8] [3 2]
[21 28] [7 8] [3 1]
[21 27] [7 8] [3 0]
[21 26] [7 8] [ 3 -1]
[22 28] [8 8] [-2  4]
[22 27] [7 8] [4 0]
[22 26] [7 8] [ 4 -1]
[22 26] [7 8] [ 4 -1]
[22 25] [7 8] [ 4 -2]
[22 24] [7 7] [1 3]
[22 25] [7 8] [ 4 -2]
[22 24] [7 7] [1 3]
[22 23] [7 7] [1 2]
[22 22] [7 7] [1 1]
[21 29] [7 8] [3 2]
[21 28] [7 8] [3 1]
[21 27] [7 8] [3 0]
[21 26] [7 8] [ 3 -1]
[21 25] [7 7] [0 4]
[21 28] [7 8] [3 1]
[21 27] [7 8] [3 0]
[21 26] [7 8] [ 3 -1]
[21 25] [7 7] [0 4]
[21 24] [7 7] [0 3]
[20 28] [7 8] [2 1]
[22 27] [7 8] [4 0]
[22 26] [7 8] [ 4 -1]
[22 25] [7 8] [ 4 -2]
[22 25] [7 8] [ 4 -2]
[22 24] [7 7] [1 3]
[22 23] [7 7] [1 2]
[22 24] [7 7] [1 3]
[22 23] [7 7] [1 2]
[22 22] [7 7] [1 1]
[22 21] [7 7] [1 0]
[21 28] [7 8] [3 1]
[21 27] [7 8] [3 0]
[21 26] [7 8] [ 3 -1]
[21 25] [7 7] [0 4]
[21 24] [7 7] [0 3]
[21 27] [7 8] [3 0]
[21 26] [7 8] [ 3 -1]
[21 25] [7 7] [0 4]
[21 24] [7 7] [0 3]
[21 23] [7 7] [0 2]
[20 27] [7 8] [2 0]
[21 26] [7 8] [ 3 -1]
[21 25] [7 7] [0 4]
[21 24] [7 7] [0 3]
[21 23] [7 7] [0 2]
[21 22] [7 7] [0 1]
[20 26] [7 8] [ 2 -1]
[20 25] [7 7] [-1  4]
[30 22] [9 8] [0 1]
[30 21] [9 8] [0 0]
[30 20] [8 7] [3 2]
[30 19] [8 7] [3 1]
[29 23] [9 8] [-1  2]
[29 22] [8 8] [ 5 -2]
[29 21] [8 7] [2 3]
[29 20] [8 7] [2 2]
[29 19] [8 7] [2 1]
[29 24] [9 8] [-1  3]
[29 23] [9 8] [-1  2]
[29 22] [8 8] [ 5 -2]
[28 26] [9 8] [-2  5]
[28 25] [9 8] [-2  4]
[28 24] [8 8] [4 0]
[28 23] [8 8] [ 4 -1]
[28 22] [8 8] [ 4 -2]
[29 22] [8 8] [ 5 -2]
[29 21] [8 7] [2 3]
[28 25] [9 8] [-2  4]
[28 24] [8 8] [4 0]
[28 23] [8 8] [ 4 -1]
[28 22] [8 8] [ 4 -2]
[28 21] [8 7] [1 3]
[29 20] [8 7] [2 2]
[28 24] [8 8] [4 0]
[28 23] [8 8] [ 4 -1]
[28 22] [8 8] [ 4 -2]
[28 21] [8 7] [1 3]
[28 20] [8 7] [1 2]
[28 23] [8 8] [ 4 -1]
[28 22] [8 8] [ 4 -2]
[28 21] [8 7] [1 3]
[28 20] [8 7] [1 2]
[28 19] [8 7] [1 1]
[27 26] [8 8] [3 2]
[27 25] [8 8] [3 1]
[27 24] [8 8] [3 0]
[27 23] [8 8] [ 3 -1]
[27 24] [8 8] [3 0]
[27 23] [8 8] [ 3 -1]
[27 22] [8 7] [0 4]
[27 22] [8 7] [0 4]
[27 21] [8 7] [0 3]
[27 20] [8 7] [0 2]
[29 23] [9 8] [-1  2]
[29 22] [8 8] [ 5 -2]
[29 21] [8 7] [2 3]
[28 25] [9 8] [-2  4]
[28 24] [8 8] [4 0]
[28 23] [8 8] [ 4 -1]
[28 22] [8 8] [ 4 -2]
[28 21] [8 7] [1 3]
[29 21] [8 7] [2 3]
[29 20] [8 7] [2 2]
[28 24] [8 8] [4 0]
[28 23] [8 8] [ 4 -1]
[28 22] [8 8] [ 4 -2]
[28 21] [8 7] [1 3]
[28 20] [8 7] [1 2]
[29 19] [8 7] [2 1]
[28 23] [8 8] [ 4 -1]
[28 22] [8 8] [ 4 -2]
[28 21] [8 7] [1 3]
[28 20] [8 7] [1 2]
[28 19] [8 7] [1 1]
[28 22] [8 8] [ 4 -2]
[28 21] [8 7] [1 3]
[28 20] [8 7] [1 2]
[28 19] [8 7] [1 1]
[28 18] [8 7] [1 0]
[27 25] [8 8] [3 1]
[27 24] [8 8] [3 0]
[27 23] [8 8] [ 3 -1]
[27 22] [8 7] [0 4]
[27 23] [8 8] [ 3 -1]
[27 22] [8 7] [0 4]
[27 21] [8 7] [0 3]
[27 21] [8 7] [0 3]
[27 20] [8 7] [0 2]
[27 19] [8 7] [0 1]
[28 24] [8 8] [4 0]
[28 23] [8 8] [ 4 -1]
[27 27] [9 9] [0 0]
[27 26] [8 8] [3 2]
[27 25] [8 8] [3 1]
[27 24] [8 8] [3 0]
[27 23] [8 8] [ 3 -1]
[28 22] [8 8] [ 4 -2]
[27 26] [8 8] [3 2]
[27 25] [8 8] [3 1]
[27 24] [8 8] [3 0]
[27 23] [8 8] [ 3 -1]
[27 22] [8 7] [0 4]
[27 25] [8 8] [3 1]
[27 24] [8 8] [3 0]
[27 23] [8 8] [ 3 -1]
[27 22] [8 7] [0 4]
[27 21] [8 7] [0 3]
[26 28] [8 9] [ 5 -2]
[26 27] [8 8] [2 3]
[26 26] [8 8] [2 2]
[26 25] [8 8] [2 1]
[26 26] [8 8] [2 2]
[26 25] [8 8] [2 1]
[26 24] [8 8] [2 0]
[26 24] [8 8] [2 0]
[26 23] [8 8] [ 2 -1]
[26 22] [8 7] [-1  4]
[28 21] [8 7] [1 3]
[27 25] [8 8] [3 1]
[27 24] [8 8] [3 0]
[27 23] [8 8] [ 3 -1]
[27 22] [8 7] [0 4]
[27 21] [8 7] [0 3]
[27 24] [8 8] [3 0]
[27 23] [8 8] [ 3 -1]
[27 22] [8 7] [0 4]
[27 21] [8 7] [0 3]
[27 20] [8 7] [0 2]
[26 27] [8 8] [2 3]
[26 26] [8 8] [2 2]
[26 25] [8 8] [2 1]
[26 24] [8 8] [2 0]
[26 25] [8 8] [2 1]
[26 24] [8 8] [2 0]
[26 23] [8 8] [ 2 -1]
[26 23] [8 8] [ 2 -1]
[26 22] [8 7] [-1  4]
[26 21] [8 7] [-1  3]
[27 23] [8 8] [ 3 -1]
[27 22] [8 7] [0 4]
[27 21] [8 7] [0 3]
[27 20] [8 7] [0 2]
[27 19] [8 7] [0 1]
[26 26] [8 8] [2 2]
[26 25] [8 8] [2 1]
[26 24] [8 8] [2 0]
[26 23] [8 8] [ 2 -1]
[26 24] [8 8] [2 0]
[26 23] [8 8] [ 2 -1]
[26 22] [8 7] [-1  4]
[26 22] [8 7] [-1  4]
[26 21] [8 7] [-1  3]
[26 20] [8 7] [-1  2]
[26 25] [8 8] [2 1]
[26 24] [8 8] [2 0]
[26 23] [8 8] [ 2 -1]
[26 22] [8 7] [-1  4]
[26 23] [8 8] [ 2 -1]
[26 22] [8 7] [-1  4]
[26 21] [8 7] [-1  3]
[26 21] [8 7] [-1  3]
[26 20] [8 7] [-1  2]
[26 19] [7 7] [ 5 -2]
[25 27] [8 8] [1 3]
[25 26] [8 8] [1 2]
[25 25] [8 8] [1 1]
[25 25] [8 8] [1 1]
[25 24] [8 8] [1 0]
[25 23] [8 7] [-2  5]
[25 24] [8 8] [1 0]
[25 23] [8 7] [-2  5]
[25 22] [8 7] [-2  4]
[25 21] [7 7] [4 0]
[29 22] [8 8] [ 5 -2]
[29 21] [8 7] [2 3]
[29 20] [8 7] [2 2]
[28 24] [8 8] [4 0]
[28 23] [8 8] [ 4 -1]
[28 22] [8 8] [ 4 -2]
[28 21] [8 7] [1 3]
[28 20] [8 7] [1 2]
[29 20] [8 7] [2 2]
[29 19] [8 7] [2 1]
[28 23] [8 8] [ 4 -1]
[28 22] [8 8] [ 4 -2]
[28 21] [8 7] [1 3]
[28 20] [8 7] [1 2]
[28 19] [8 7] [1 1]
[29 18] [8 7] [2 0]
[28 22] [8 8] [ 4 -2]
[28 21] [8 7] [1 3]
[28 20] [8 7] [1 2]
[28 19] [8 7] [1 1]
[28 18] [8 7] [1 0]
[28 21] [8 7] [1 3]
[28 20] [8 7] [1 2]
[28 19] [8 7] [1 1]
[28 18] [8 7] [1 0]
[28 17] [8 6] [-2  5]
[27 24] [8 8] [3 0]
[27 23] [8 8] [ 3 -1]
[27 22] [8 7] [0 4]
[27 21] [8 7] [0 3]
[27 22] [8 7] [0 4]
[27 21] [8 7] [0 3]
[27 20] [8 7] [0 2]
[27 20] [8 7] [0 2]
[27 19] [8 7] [0 1]
[27 18] [8 7] [0 0]
[28 23] [8 8] [ 4 -1]
[28 22] [8 8] [ 4 -2]
[27 26] [8 8] [3 2]
[27 25] [8 8] [3 1]
[27 24] [8 8] [3 0]
[27 23] [8 8] [ 3 -1]
[27 22] [8 7] [0 4]
[28 21] [8 7] [1 3]
[27 25] [8 8] [3 1]
[27 24] [8 8] [3 0]
[27 23] [8 8] [ 3 -1]
[27 22] [8 7] [0 4]
[27 21] [8 7] [0 3]
[27 24] [8 8] [3 0]
[27 23] [8 8] [ 3 -1]
[27 22] [8 7] [0 4]
[27 21] [8 7] [0 3]
[27 20] [8 7] [0 2]
[26 27] [8 8] [2 3]
[26 26] [8 8] [2 2]
[26 25] [8 8] [2 1]
[26 24] [8 8] [2 0]
[26 25] [8 8] [2 1]
[26 24] [8 8] [2 0]
[26 23] [8 8] [ 2 -1]
[26 23] [8 8] [ 2 -1]
[26 22] [8 7] [-1  4]
[26 21] [8 7] [-1  3]
[28 20] [8 7] [1 2]
[27 24] [8 8] [3 0]
[27 23] [8 8] [ 3 -1]
[27 22] [8 7] [0 4]
[27 21] [8 7] [0 3]
[27 20] [8 7] [0 2]
[27 23] [8 8] [ 3 -1]
[27 22] [8 7] [0 4]
[27 21] [8 7] [0 3]
[27 20] [8 7] [0 2]
[27 19] [8 7] [0 1]
[26 26] [8 8] [2 2]
[26 25] [8 8] [2 1]
[26 24] [8 8] [2 0]
[26 23] [8 8] [ 2 -1]
[26 24] [8 8] [2 0]
[26 23] [8 8] [ 2 -1]
[26 22] [8 7] [-1  4]
[26 22] [8 7] [-1  4]
[26 21] [8 7] [-1  3]
[26 20] [8 7] [-1  2]
[27 22] [8 7] [0 4]
[27 21] [8 7] [0 3]
[27 20] [8 7] [0 2]
[27 19] [8 7] [0 1]
[27 18] [8 7] [0 0]
[26 25] [8 8] [2 1]
[26 24] [8 8] [2 0]
[26 23] [8 8] [ 2 -1]
[26 22] [8 7] [-1  4]
[26 23] [8 8] [ 2 -1]
[26 22] [8 7] [-1  4]
[26 21] [8 7] [-1  3]
[26 21] [8 7] [-1  3]
[26 20] [8 7] [-1  2]
[26 19] [7 7] [ 5 -2]
[26 24] [8 8] [2 0]
[26 23] [8 8] [ 2 -1]
[26 22] [8 7] [-1  4]
[26 21] [8 7] [-1  3]
[26 22] [8 7] [-1  4]
[26 21] [8 7] [-1  3]
[26 20] [8 7] [-1  2]
[26 20] [8 7] [-1  2]
[26 19] [7 7] [ 5 -2]
[26 18] [7 6] [2 3]
[25 26] [8 8] [1 2]
[25 25] [8 8] [1 1]
[25 24] [8 8] [1 0]
[25 24] [8 8] [1 0]
[25 23] [8 7] [-2  5]
[25 22] [8 7] [-2  4]
[25 23] [8 7] [-2  5]
[25 22] [8 7] [-2  4]
[25 21] [7 7] [4 0]
[25 20] [7 7] [ 4 -1]
[28 22] [8 8] [ 4 -2]
[28 21] [8 7] [1 3]
[27 25] [8 8] [3 1]
[27 24] [8 8] [3 0]
[27 23] [8 8] [ 3 -1]
[27 22] [8 7] [0 4]
[27 21] [8 7] [0 3]
[28 20] [8 7] [1 2]
[27 24] [8 8] [3 0]
[27 23] [8 8] [ 3 -1]
[27 22] [8 7] [0 4]
[27 21] [8 7] [0 3]
[27 20] [8 7] [0 2]
[27 23] [8 8] [ 3 -1]
[27 22] [8 7] [0 4]
[27 21] [8 7] [0 3]
[27 20] [8 7] [0 2]
[27 19] [8 7] [0 1]
[26 26] [8 8] [2 2]
[26 25] [8 8] [2 1]
[26 24] [8 8] [2 0]
[26 23] [8 8] [ 2 -1]
[26 24] [8 8] [2 0]
[26 23] [8 8] [ 2 -1]
[26 22] [8 7] [-1  4]
[26 22] [8 7] [-1  4]
[26 21] [8 7] [-1  3]
[26 20] [8 7] [-1  2]
[28 19] [8 7] [1 1]
[27 23] [8 8] [ 3 -1]
[27 22] [8 7] [0 4]
[27 21] [8 7] [0 3]
[27 20] [8 7] [0 2]
[27 19] [8 7] [0 1]
[27 22] [8 7] [0 4]
[27 21] [8 7] [0 3]
[27 20] [8 7] [0 2]
[27 19] [8 7] [0 1]
[27 18] [8 7] [0 0]
[26 25] [8 8] [2 1]
[26 24] [8 8] [2 0]
[26 23] [8 8] [ 2 -1]
[26 22] [8 7] [-1  4]
[26 23] [8 8] [ 2 -1]
[26 22] [8 7] [-1  4]
[26 21] [8 7] [-1  3]
[26 21] [8 7] [-1  3]
[26 20] [8 7] [-1  2]
[26 19] [7 7] [ 5 -2]
[27 21] [8 7] [0 3]
[27 20] [8 7] [0 2]
[27 19] [8 7] [0 1]
[27 18] [8 7] [0 0]
[27 17] [7 6] [3 2]
[26 24] [8 8] [2 0]
[26 23] [8 8] [ 2 -1]
[26 22] [8 7] [-1  4]
[26 21] [8 7] [-1  3]
[26 22] [8 7] [-1  4]
[26 21] [8 7] [-1  3]
[26 20] [8 7] [-1  2]
[26 20] [8 7] [-1  2]
[26 19] [7 7] [ 5 -2]
[26 18] [7 6] [2 3]
[26 23] [8 8] [ 2 -1]
[26 22] [8 7] [-1  4]
[26 21] [8 7] [-1  3]
[26 20] [8 7] [-1  2]
[26 21] [8 7] [-1  3]
[26 20] [8 7] [-1  2]
[26 19] [7 7] [ 5 -2]
[26 19] [7 7] [ 5 -2]
[26 18] [7 6] [2 3]
[26 17] [7 6] [2 2]
[25 25] [8 8] [1 1]
[25 24] [8 8] [1 0]
[25 23] [8 7] [-2  5]
[25 23] [8 7] [-2  5]
[25 22] [8 7] [-2  4]
[25 21] [7 7] [4 0]
[25 22] [8 7] [-2  4]
[25 21] [7 7] [4 0]
[25 20] [7 7] [ 4 -1]
[25 19] [7 7] [ 4 -2]
[27 22] [8 7] [0 4]
[26 26] [8 8] [2 2]
[26 25] [8 8] [2 1]
[26 24] [8 8] [2 0]
[26 23] [8 8] [ 2 -1]
[26 22] [8 7] [-1  4]
[26 25] [8 8] [2 1]
[26 24] [8 8] [2 0]
[26 23] [8 8] [ 2 -1]
[26 22] [8 7] [-1  4]
[26 21] [8 7] [-1  3]
[25 28] [8 9] [ 4 -2]
[25 27] [8 8] [1 3]
[25 26] [8 8] [1 2]
[25 25] [8 8] [1 1]
[25 26] [8 8] [1 2]
[25 25] [8 8] [1 1]
[25 24] [8 8] [1 0]
[25 24] [8 8] [1 0]
[25 23] [8 7] [-2  5]
[25 22] [8 7] [-2  4]
[26 24] [8 8] [2 0]
[26 23] [8 8] [ 2 -1]
[26 22] [8 7] [-1  4]
[26 21] [8 7] [-1  3]
[26 20] [8 7] [-1  2]
[25 27] [8 8] [1 3]
[25 26] [8 8] [1 2]
[25 25] [8 8] [1 1]
[25 24] [8 8] [1 0]
[25 25] [8 8] [1 1]
[25 24] [8 8] [1 0]
[25 23] [8 7] [-2  5]
[25 23] [8 7] [-2  5]
[25 22] [8 7] [-2  4]
[25 21] [7 7] [4 0]
[25 26] [8 8] [1 2]
[25 25] [8 8] [1 1]
[25 24] [8 8] [1 0]
[25 23] [8 7] [-2  5]
[25 24] [8 8] [1 0]
[25 23] [8 7] [-2  5]
[25 22] [8 7] [-2  4]
[25 22] [8 7] [-2  4]
[25 21] [7 7] [4 0]
[25 20] [7 7] [ 4 -1]
[24 28] [8 8] [0 4]
[24 27] [8 8] [0 3]
[24 26] [8 8] [0 2]
[24 26] [8 8] [0 2]
[24 25] [8 8] [0 1]
[24 24] [8 8] [0 0]
[24 25] [8 8] [0 1]
[24 24] [8 8] [0 0]
[24 23] [7 7] [3 2]
[24 22] [7 7] [3 1]
[26 23] [8 8] [ 2 -1]
[26 22] [8 7] [-1  4]
[26 21] [8 7] [-1  3]
[26 20] [8 7] [-1  2]
[26 19] [7 7] [ 5 -2]
[25 26] [8 8] [1 2]
[25 25] [8 8] [1 1]
[25 24] [8 8] [1 0]
[25 23] [8 7] [-2  5]
[25 24] [8 8] [1 0]
[25 23] [8 7] [-2  5]
[25 22] [8 7] [-2  4]
[25 22] [8 7] [-2  4]
[25 21] [7 7] [4 0]
[25 20] [7 7] [ 4 -1]
[25 25] [8 8] [1 1]
[25 24] [8 8] [1 0]
[25 23] [8 7] [-2  5]
[25 22] [8 7] [-2  4]
[25 23] [8 7] [-2  5]
[25 22] [8 7] [-2  4]
[25 21] [7 7] [4 0]
[25 21] [7 7] [4 0]
[25 20] [7 7] [ 4 -1]
[25 19] [7 7] [ 4 -2]
[24 27] [8 8] [0 3]
[24 26] [8 8] [0 2]
[24 25] [8 8] [0 1]
[24 25] [8 8] [0 1]
[24 24] [8 8] [0 0]
[24 23] [7 7] [3 2]
[24 24] [8 8] [0 0]
[24 23] [7 7] [3 2]
[24 22] [7 7] [3 1]
[24 21] [7 7] [3 0]
[25 24] [8 8] [1 0]
[25 23] [8 7] [-2  5]
[25 22] [8 7] [-2  4]
[25 21] [7 7] [4 0]
[25 22] [8 7] [-2  4]
[25 21] [7 7] [4 0]
[25 20] [7 7] [ 4 -1]
[25 20] [7 7] [ 4 -1]
[25 19] [7 7] [ 4 -2]
[25 18] [7 6] [1 3]
[24 26] [8 8] [0 2]
[24 25] [8 8] [0 1]
[24 24] [8 8] [0 0]
[24 24] [8 8] [0 0]
[24 23] [7 7] [3 2]
[24 22] [7 7] [3 1]
[24 23] [7 7] [3 2]
[24 22] [7 7] [3 1]
[24 21] [7 7] [3 0]
[24 20] [7 7] [ 3 -1]
[24 25] [8 8] [0 1]
[24 24] [8 8] [0 0]
[24 23] [7 7] [3 2]
[24 23] [7 7] [3 2]
[24 22] [7 7] [3 1]
[24 21] [7 7] [3 0]
[24 22] [7 7] [3 1]
[24 21] [7 7] [3 0]
[24 20] [7 7] [ 3 -1]
[24 19] [7 6] [0 4]
[23 26] [8 8] [-1  2]
[23 25] [7 8] [ 5 -2]
[23 24] [7 7] [2 3]
[23 23] [7 7] [2 2]
[23 22] [7 7] [2 1]
[29 21] [8 7] [2 3]
[29 20] [8 7] [2 2]
[29 19] [8 7] [2 1]
[28 23] [8 8] [ 4 -1]
[28 22] [8 8] [ 4 -2]
[28 21] [8 7] [1 3]
[28 20] [8 7] [1 2]
[28 19] [8 7] [1 1]
[29 19] [8 7] [2 1]
[29 18] [8 7] [2 0]
[28 22] [8 8] [ 4 -2]
[28 21] [8 7] [1 3]
[28 20] [8 7] [1 2]
[28 19] [8 7] [1 1]
[28 18] [8 7] [1 0]
[29 17] [8 7] [ 2 -1]
[28 21] [8 7] [1 3]
[28 20] [8 7] [1 2]
[28 19] [8 7] [1 1]
[28 18] [8 7] [1 0]
[28 17] [8 6] [-2  5]
[28 20] [8 7] [1 2]
[28 19] [8 7] [1 1]
[28 18] [8 7] [1 0]
[28 17] [8 6] [-2  5]
[28 16] [8 6] [-2  4]
[27 23] [8 8] [ 3 -1]
[27 22] [8 7] [0 4]
[27 21] [8 7] [0 3]
[27 20] [8 7] [0 2]
[27 21] [8 7] [0 3]
[27 20] [8 7] [0 2]
[27 19] [8 7] [0 1]
[27 19] [8 7] [0 1]
[27 18] [8 7] [0 0]
[27 17] [7 6] [3 2]
[28 22] [8 8] [ 4 -2]
[28 21] [8 7] [1 3]
[27 25] [8 8] [3 1]
[27 24] [8 8] [3 0]
[27 23] [8 8] [ 3 -1]
[27 22] [8 7] [0 4]
[27 21] [8 7] [0 3]
[28 20] [8 7] [1 2]
[27 24] [8 8] [3 0]
[27 23] [8 8] [ 3 -1]
[27 22] [8 7] [0 4]
[27 21] [8 7] [0 3]
[27 20] [8 7] [0 2]
[27 23] [8 8] [ 3 -1]
[27 22] [8 7] [0 4]
[27 21] [8 7] [0 3]
[27 20] [8 7] [0 2]
[27 19] [8 7] [0 1]
[26 26] [8 8] [2 2]
[26 25] [8 8] [2 1]
[26 24] [8 8] [2 0]
[26 23] [8 8] [ 2 -1]
[26 24] [8 8] [2 0]
[26 23] [8 8] [ 2 -1]
[26 22] [8 7] [-1  4]
[26 22] [8 7] [-1  4]
[26 21] [8 7] [-1  3]
[26 20] [8 7] [-1  2]
[28 19] [8 7] [1 1]
[27 23] [8 8] [ 3 -1]
[27 22] [8 7] [0 4]
[27 21] [8 7] [0 3]
[27 20] [8 7] [0 2]
[27 19] [8 7] [0 1]
[27 22] [8 7] [0 4]
[27 21] [8 7] [0 3]
[27 20] [8 7] [0 2]
[27 19] [8 7] [0 1]
[27 18] [8 7] [0 0]
[26 25] [8 8] [2 1]
[26 24] [8 8] [2 0]
[26 23] [8 8] [ 2 -1]
[26 22] [8 7] [-1  4]
[26 23] [8 8] [ 2 -1]
[26 22] [8 7] [-1  4]
[26 21] [8 7] [-1  3]
[26 21] [8 7] [-1  3]
[26 20] [8 7] [-1  2]
[26 19] [7 7] [ 5 -2]
[27 21] [8 7] [0 3]
[27 20] [8 7] [0 2]
[27 19] [8 7] [0 1]
[27 18] [8 7] [0 0]
[27 17] [7 6] [3 2]
[26 24] [8 8] [2 0]
[26 23] [8 8] [ 2 -1]
[26 22] [8 7] [-1  4]
[26 21] [8 7] [-1  3]
[26 22] [8 7] [-1  4]
[26 21] [8 7] [-1  3]
[26 20] [8 7] [-1  2]
[26 20] [8 7] [-1  2]
[26 19] [7 7] [ 5 -2]
[26 18] [7 6] [2 3]
[26 23] [8 8] [ 2 -1]
[26 22] [8 7] [-1  4]
[26 21] [8 7] [-1  3]
[26 20] [8 7] [-1  2]
[26 21] [8 7] [-1  3]
[26 20] [8 7] [-1  2]
[26 19] [7 7] [ 5 -2]
[26 19] [7 7] [ 5 -2]
[26 18] [7 6] [2 3]
[26 17] [7 6] [2 2]
[25 25] [8 8] [1 1]
[25 24] [8 8] [1 0]
[25 23] [8 7] [-2  5]
[25 23] [8 7] [-2  5]
[25 22] [8 7] [-2  4]
[25 21] [7 7] [4 0]
[25 22] [8 7] [-2  4]
[25 21] [7 7] [4 0]
[25 20] [7 7] [ 4 -1]
[25 19] [7 7] [ 4 -2]
[28 21] [8 7] [1 3]
[28 20] [8 7] [1 2]
[27 24] [8 8] [3 0]
[27 23] [8 8] [ 3 -1]
[27 22] [8 7] [0 4]
[27 21] [8 7] [0 3]
[27 20] [8 7] [0 2]
[28 19] [8 7] [1 1]
[27 23] [8 8] [ 3 -1]
[27 22] [8 7] [0 4]
[27 21] [8 7] [0 3]
[27 20] [8 7] [0 2]
[27 19] [8 7] [0 1]
[27 22] [8 7] [0 4]
[27 21] [8 7] [0 3]
[27 20] [8 7] [0 2]
[27 19] [8 7] [0 1]
[27 18] [8 7] [0 0]
[26 25] [8 8] [2 1]
[26 24] [8 8] [2 0]
[26 23] [8 8] [ 2 -1]
[26 22] [8 7] [-1  4]
[26 23] [8 8] [ 2 -1]
[26 22] [8 7] [-1  4]
[26 21] [8 7] [-1  3]
[26 21] [8 7] [-1  3]
[26 20] [8 7] [-1  2]
[26 19] [7 7] [ 5 -2]
[28 18] [8 7] [1 0]
[27 22] [8 7] [0 4]
[27 21] [8 7] [0 3]
[27 20] [8 7] [0 2]
[27 19] [8 7] [0 1]
[27 18] [8 7] [0 0]
[27 21] [8 7] [0 3]
[27 20] [8 7] [0 2]
[27 19] [8 7] [0 1]
[27 18] [8 7] [0 0]
[27 17] [7 6] [3 2]
[26 24] [8 8] [2 0]
[26 23] [8 8] [ 2 -1]
[26 22] [8 7] [-1  4]
[26 21] [8 7] [-1  3]
[26 22] [8 7] [-1  4]
[26 21] [8 7] [-1  3]
[26 20] [8 7] [-1  2]
[26 20] [8 7] [-1  2]
[26 19] [7 7] [ 5 -2]
[26 18] [7 6] [2 3]
[27 20] [8 7] [0 2]
[27 19] [8 7] [0 1]
[27 18] [8 7] [0 0]
[27 17] [7 6] [3 2]
[27 16] [7 6] [3 1]
[26 23] [8 8] [ 2 -1]
[26 22] [8 7] [-1  4]
[26 21] [8 7] [-1  3]
[26 20] [8 7] [-1  2]
[26 21] [8 7] [-1  3]
[26 20] [8 7] [-1  2]
[26 19] [7 7] [ 5 -2]
[26 19] [7 7] [ 5 -2]
[26 18] [7 6] [2 3]
[26 17] [7 6] [2 2]
[26 22] [8 7] [-1  4]
[26 21] [8 7] [-1  3]
[26 20] [8 7] [-1  2]
[26 19] [7 7] [ 5 -2]
[26 20] [8 7] [-1  2]
[26 19] [7 7] [ 5 -2]
[26 18] [7 6] [2 3]
[26 18] [7 6] [2 3]
[26 17] [7 6] [2 2]
[26 16] [7 6] [2 1]
[25 24] [8 8] [1 0]
[25 23] [8 7] [-2  5]
[25 22] [8 7] [-2  4]
[25 22] [8 7] [-2  4]
[25 21] [7 7] [4 0]
[25 20] [7 7] [ 4 -1]
[25 21] [7 7] [4 0]
[25 20] [7 7] [ 4 -1]
[25 19] [7 7] [ 4 -2]
[25 18] [7 6] [1 3]
[27 21] [8 7] [0 3]
[26 25] [8 8] [2 1]
[26 24] [8 8] [2 0]
[26 23] [8 8] [ 2 -1]
[26 22] [8 7] [-1  4]
[26 21] [8 7] [-1  3]
[26 24] [8 8] [2 0]
[26 23] [8 8] [ 2 -1]
[26 22] [8 7] [-1  4]
[26 21] [8 7] [-1  3]
[26 20] [8 7] [-1  2]
[25 27] [8 8] [1 3]
[25 26] [8 8] [1 2]
[25 25] [8 8] [1 1]
[25 24] [8 8] [1 0]
[25 25] [8 8] [1 1]
[25 24] [8 8] [1 0]
[25 23] [8 7] [-2  5]
[25 23] [8 7] [-2  5]
[25 22] [8 7] [-2  4]
[25 21] [7 7] [4 0]
[26 23] [8 8] [ 2 -1]
[26 22] [8 7] [-1  4]
[26 21] [8 7] [-1  3]
